,NC-GSM-2,NC-GSM-4,NC-GSM-5,TX-LL-2,TX-MC-1,TX-MC-3,TX-CR-1,TX-CR-3,TX-CR-4,TX-CR-5,TX-GCS-1,TX-GCS-2,TX-GCS-5,NC-CMSP-5,TX-DP-2,TX-DP-5,CO-HM-1,OH-WN-4,OH-CV-1,OH-CV-4,AL-OM-1,AL-OM-2,AL-OM-4,AL-OM-5,AL-TIH-1,AL-TIH-3,AL-TIH-4,KY-RR-2,KY-RR-5,NY-BM-1,NY-BM-2,NY-BM-5,TX-CB-2,TX-CB-4,SC-AJ-2,AL-CSP-3,DE-WC-1,DE-WC-2,DE-WC-3,DE-WC-5,PA-BE-2,PA-BE-3,PA-BE-4,PA-SGL-2,MD-SERC-1,MD-SERC-3,MN-BR-1,MN-BR-2,MN-BR-3,MN-BR-4,MN-BR-5,MN-MS-3,MN-MS-5,OH-MSF-2,PA-RC-2,PA-RC-3,IN-SS-1,SD-AS-2,SD-AS-3,IL-CL-2,GA-CNF-1,GA-CNF-2,GA-CNF-4,GA-CNF-5,SD-OL-3,SD-OL-4,IL-KS-1,SD-LH-1,SD-SS-1,SD-SS-2,WA-SB-4,ND-KS-1,ND-KS-2,ND-KS-3,ND-KS-4,ND-AN-1,ND-AN-2,ND-AN-4,ND-AN-5,ND-WL-1,ND-WL-2,ND-WL-5,ND-LL-1,ND-LL-2,ND-LL-3,ND-LL-4,ND-LL-5,ND-LI-5,ND-LN-4,ND-LN-5,ND-LZ-5,AL-BN-2,AL-BN-4,TN-WR-2,TN-WR-4,TN-WR-5,IN-WM-5,TN-CS-1,GA-RT-4,AL-TN-2,WY-TB-2,WY-TB-3,MT-CG-3,MT-PC-1,MT-PC-3,MT-PC-4,MI-PR-2,WY-BH-4,WY-BH-5,SD-BH-2,SD-BH-5,MN-CF-1,MN-CF-2,MN-LR-5,IA-RR-4,IA-CS-4,IA-CS-5,TX-SH-2,FL-WP-3,KS-MS-2,FL-BS-3,TX-MN-2,TX-MN-4,TX-MN-5,LA-HN-5,MN-SD-5,MN-RR-3,LA-LO-1,LA-LO-2,LA-LO-3,LA-AN-1,LA-AN-2,LA-AN-3,LA-AN-4,LA-AN-5,MN-MH-3,MN-MH-4,MN-MH-5
NC-GSM-2,0.0,9.687069,9.687069,40.3011,52.597534,52.597534,34.837795,34.837795,34.837795,34.837795,35.928207,35.928207,42.80009,38.383526,36.892014,34.372353,34.180946,33.69935,39.860207,39.06354,37.302124,37.302124,37.302124,37.302124,34.992012,36.021145,36.021145,32.021473,32.021473,37.087418,37.087418,35.450443,31.456364,31.456364,37.14662,32.42025,37.720665,37.720665,37.720665,37.720665,32.19173,32.19173,32.19173,33.79629,24.299007,24.299007,31.17895,31.17895,31.17895,32.56827,32.56827,28.72648,29.249279,35.94463,41.597607,41.199005,33.159176,32.12078,32.12078,32.53589,29.652863,29.652863,29.713629,29.713629,29.793104,29.95899,33.942562,33.470432,31.775644,31.775644,32.904686,31.718039,31.71,31.718039,31.718039,32.018612,32.018612,31.600452,31.600452,31.65872,31.65872,31.616314,30.82722,30.82722,30.823742,30.823742,30.823742,33.186623,34.028896,34.028896,34.796494,33.48469,33.11184,44.747948,44.747948,44.747948,33.737514,28.757246,34.832325,32.313183,31.58249,31.4738,31.461004,31.263756,31.263756,31.263756,17.085949,29.488604,29.327106,33.470642,33.145546,48.158478,48.158478,33.852367,40.884216,32.588673,32.588673,34.38779,30.910067,29.1936,31.021406,31.97609,31.814114,31.814114,28.090492,32.11761,27.2794,20.439556,21.334143,20.885464,18.673199,18.673199,18.673199,17.664164,17.664164,34.302917,34.302917,34.302917
NC-GSM-4,9.687069,0.0,0.0,40.233948,52.53018,52.53018,34.772335,34.772335,34.772335,34.772335,35.671837,35.671837,42.542027,38.124382,36.823853,34.305683,34.11212,33.44394,39.791424,38.994965,37.236298,37.236298,37.236298,37.236298,34.92385,35.952442,35.952442,32.61092,32.61092,37.02501,37.02501,35.39123,31.389225,31.389225,37.079838,32.351078,37.655476,37.655476,37.655476,37.655476,32.592793,32.592793,32.592793,33.731255,24.236685,24.236685,31.10722,31.10722,31.10722,32.501904,32.501904,28.658693,29.18186,35.879192,41.529163,41.130127,32.90359,32.052124,32.052124,32.4712,29.594692,29.594692,29.656284,29.656284,29.555153,29.888765,33.877495,33.404957,31.70745,31.70745,32.835255,31.65236,31.643373,31.65236,31.65236,32.387623,32.387623,31.532726,31.532726,31.589108,31.589108,31.546543,30.752544,30.752544,30.74069,30.74069,30.74069,33.121006,33.971767,33.971767,34.730568,32.97964,33.044945,44.681087,44.681087,44.681087,33.48082,28.69454,34.575054,32.443176,31.715002,31.60602,31.392956,30.99841,30.99841,30.99841,17.024323,29.422018,29.455187,33.40391,33.07898,48.09126,48.09126,33.785206,40.814713,32.71436,32.71436,33.4544,30.842884,29.128767,30.95361,31.912788,31.753847,31.753847,28.020641,32.04775,27.208855,20.36896,21.264572,20.815834,18.610567,18.610567,18.610567,17.601679,17.601679,34.236652,34.236652,34.236652
NC-GSM-5,9.687069,0.0,0.0,40.233948,52.53018,52.53018,34.772335,34.772335,34.772335,34.772335,35.671837,35.671837,42.542027,38.124382,36.823853,34.305683,34.11212,33.44394,39.791424,38.994965,37.236298,37.236298,37.236298,37.236298,34.92385,35.952442,35.952442,32.61092,32.61092,37.02501,37.02501,35.39123,31.389225,31.389225,37.079838,32.351078,37.655476,37.655476,37.655476,37.655476,32.592793,32.592793,32.592793,33.731255,24.236685,24.236685,31.10722,31.10722,31.10722,32.501904,32.501904,28.658693,29.18186,35.879192,41.529163,41.130127,32.90359,32.052124,32.052124,32.4712,29.594692,29.594692,29.656284,29.656284,29.555153,29.888765,33.877495,33.404957,31.70745,31.70745,32.835255,31.65236,31.643373,31.65236,31.65236,32.387623,32.387623,31.532726,31.532726,31.589108,31.589108,31.546543,30.752544,30.752544,30.74069,30.74069,30.74069,33.121006,33.971767,33.971767,34.730568,32.97964,33.044945,44.681087,44.681087,44.681087,33.48082,28.69454,34.575054,32.443176,31.715002,31.60602,31.392956,30.99841,30.99841,30.99841,17.024323,29.422018,29.455187,33.40391,33.07898,48.09126,48.09126,33.785206,40.814713,32.71436,32.71436,33.4544,30.842884,29.128767,30.95361,31.912788,31.753847,31.753847,28.020641,32.04775,27.208855,20.36896,21.264572,20.815834,18.610567,18.610567,18.610567,17.601679,17.601679,34.236652,34.236652,34.236652
TX-LL-2,40.3011,40.233948,40.233948,0.0,59.8393,59.8393,42.60474,42.60474,42.60474,42.60474,42.92805,42.92805,50.70869,46.033638,45.24007,41.540943,43.22282,41.313625,45.610798,44.83113,45.52196,45.52196,45.52196,45.52196,41.62941,42.67326,42.67326,40.577183,40.577183,43.082363,43.082363,41.41836,39.639626,39.639626,43.178555,40.53981,43.398895,43.398895,43.398895,43.398895,40.604855,40.604855,40.604855,42.290123,29.430462,29.430462,38.13504,38.13504,38.13504,39.355236,39.355236,35.275608,36.234406,41.77031,47.50009,47.06077,40.75029,38.55205,38.55205,40.27437,40.945667,40.945667,40.627426,40.627426,38.20825,36.951447,42.084602,40.497227,40.158657,40.158657,39.955727,40.189175,40.15527,40.189175,40.189175,38.13572,38.13572,38.24078,38.24078,39.946182,39.946182,40.420784,36.864887,36.864887,36.86833,36.86833,36.86833,39.26654,39.8972,39.8972,40.75433,40.267796,40.293842,49.939465,49.939465,49.939465,41.411304,39.59101,42.749653,41.231213,40.521816,39.911266,40.092384,38.76617,38.76617,38.76617,22.10237,38.257603,38.36145,41.89859,41.891045,56.454662,56.454662,42.57336,49.27457,41.413586,41.413586,38.70399,36.69789,36.783012,36.952873,40.055904,40.387268,40.387268,33.943115,38.093124,32.97853,25.982044,26.877459,26.433907,23.861605,23.861605,23.861605,22.845287,22.845287,42.451294,42.451294,42.451294
TX-MC-1,52.597534,52.53018,52.53018,59.8393,0.0,0.0,50.813232,50.813232,50.813232,50.813232,48.907055,48.907055,55.29474,58.896782,57.657593,54.843067,56.28965,54.52638,60.71837,59.897213,58.37572,58.37572,58.37572,58.37572,55.974575,57.024582,57.024582,52.965206,52.965206,57.635204,57.635204,55.998737,52.846264,52.846264,57.807285,53.33045,58.285587,58.285587,58.285587,58.285587,53.153107,53.153107,53.153107,54.216713,44.253338,44.253338,52.219913,52.219913,52.219913,53.625484,53.625484,49.132442,50.0408,54.023544,62.37462,61.95417,53.301846,52.702198,52.702198,53.37832,54.015713,54.015713,54.07301,54.07301,51.730473,51.18128,54.350098,53.75972,52.61045,52.61045,53.688255,54.77395,54.74598,54.77395,54.77395,53.029728,53.029728,52.53077,52.53077,52.66173,52.66173,52.61897,51.31856,51.31856,51.282833,51.282833,51.282833,53.695835,54.462063,54.462063,55.27448,54.752243,54.377438,65.51013,65.51013,65.51013,54.14297,51.547314,56.17338,54.225113,52.75334,52.63832,52.900616,52.44591,52.44591,52.44591,36.927505,51.257137,50.460102,54.239143,53.926548,72.31042,72.31042,57.338753,61.93468,53.35957,53.35957,54.954903,51.239506,50.703255,51.36855,53.483334,52.417694,52.417694,48.446617,52.635166,47.57909,40.55966,41.454514,41.01197,38.6155,38.6155,38.6155,37.602802,37.602802,56.08971,56.08971,56.08971
TX-MC-3,52.597534,52.53018,52.53018,59.8393,0.0,0.0,50.813232,50.813232,50.813232,50.813232,48.907055,48.907055,55.29474,58.896782,57.657593,54.843067,56.28965,54.52638,60.71837,59.897213,58.37572,58.37572,58.37572,58.37572,55.974575,57.024582,57.024582,52.965206,52.965206,57.635204,57.635204,55.998737,52.846264,52.846264,57.807285,53.33045,58.285587,58.285587,58.285587,58.285587,53.153107,53.153107,53.153107,54.216713,44.253338,44.253338,52.219913,52.219913,52.219913,53.625484,53.625484,49.132442,50.0408,54.023544,62.37462,61.95417,53.301846,52.702198,52.702198,53.37832,54.015713,54.015713,54.07301,54.07301,51.730473,51.18128,54.350098,53.75972,52.61045,52.61045,53.688255,54.77395,54.74598,54.77395,54.77395,53.029728,53.029728,52.53077,52.53077,52.66173,52.66173,52.61897,51.31856,51.31856,51.282833,51.282833,51.282833,53.695835,54.462063,54.462063,55.27448,54.752243,54.377438,65.51013,65.51013,65.51013,54.14297,51.547314,56.17338,54.225113,52.75334,52.63832,52.900616,52.44591,52.44591,52.44591,36.927505,51.257137,50.460102,54.239143,53.926548,72.31042,72.31042,57.338753,61.93468,53.35957,53.35957,54.954903,51.239506,50.703255,51.36855,53.483334,52.417694,52.417694,48.446617,52.635166,47.57909,40.55966,41.454514,41.01197,38.6155,38.6155,38.6155,37.602802,37.602802,56.08971,56.08971,56.08971
TX-CR-1,34.837795,34.772335,34.772335,42.60474,50.813232,50.813232,0.0,0.0,0.0,0.0,28.99671,28.99671,35.665337,40.990036,39.977966,37.02208,38.43394,36.09561,42.738194,41.93881,40.770817,40.770817,40.770817,40.770817,37.70583,38.745945,38.745945,35.082947,35.082947,39.875935,39.875935,38.241985,34.60363,34.60363,39.934242,35.816235,40.561897,40.561897,40.561897,40.561897,35.04945,35.04945,35.04945,36.33664,27.011904,27.011904,33.943604,33.943604,33.943604,35.34712,35.34712,31.477312,32.13219,38.825066,44.451374,44.067562,35.54934,34.88576,34.88576,34.931133,36.356953,36.356953,36.24387,36.24387,32.543056,32.706932,36.538002,36.142475,34.311768,34.311768,35.27927,36.90921,36.886055,36.90921,36.90921,35.213665,35.213665,34.708748,34.708748,34.6923,34.6923,34.649498,33.60447,33.60447,33.57091,33.57091,33.57091,35.973118,36.79817,36.79817,37.53662,36.326157,36.53046,47.571793,47.571793,47.571793,36.33552,33.78203,38.92878,35.734375,34.59227,34.478455,34.302658,34.307278,34.307278,34.307278,19.765398,32.67785,32.12938,36.266445,35.96542,51.885014,51.885014,37.21317,43.65662,35.178467,35.178467,37.148163,33.661613,32.903385,33.76404,34.80104,34.631145,34.631145,30.845135,34.89181,30.02123,23.155603,24.051502,23.602148,21.370235,21.370235,21.370235,20.361109,20.361109,36.841816,36.841816,36.841816
TX-CR-3,34.837795,34.772335,34.772335,42.60474,50.813232,50.813232,0.0,0.0,0.0,0.0,28.99671,28.99671,35.665337,40.990036,39.977966,37.02208,38.43394,36.09561,42.738194,41.93881,40.770817,40.770817,40.770817,40.770817,37.70583,38.745945,38.745945,35.082947,35.082947,39.875935,39.875935,38.241985,34.60363,34.60363,39.934242,35.816235,40.561897,40.561897,40.561897,40.561897,35.04945,35.04945,35.04945,36.33664,27.011904,27.011904,33.943604,33.943604,33.943604,35.34712,35.34712,31.477312,32.13219,38.825066,44.451374,44.067562,35.54934,34.88576,34.88576,34.931133,36.356953,36.356953,36.24387,36.24387,32.543056,32.706932,36.538002,36.142475,34.311768,34.311768,35.27927,36.90921,36.886055,36.90921,36.90921,35.213665,35.213665,34.708748,34.708748,34.6923,34.6923,34.649498,33.60447,33.60447,33.57091,33.57091,33.57091,35.973118,36.79817,36.79817,37.53662,36.326157,36.53046,47.571793,47.571793,47.571793,36.33552,33.78203,38.92878,35.734375,34.59227,34.478455,34.302658,34.307278,34.307278,34.307278,19.765398,32.67785,32.12938,36.266445,35.96542,51.885014,51.885014,37.21317,43.65662,35.178467,35.178467,37.148163,33.661613,32.903385,33.76404,34.80104,34.631145,34.631145,30.845135,34.89181,30.02123,23.155603,24.051502,23.602148,21.370235,21.370235,21.370235,20.361109,20.361109,36.841816,36.841816,36.841816
TX-CR-4,34.837795,34.772335,34.772335,42.60474,50.813232,50.813232,0.0,0.0,0.0,0.0,28.99671,28.99671,35.665337,40.990036,39.977966,37.02208,38.43394,36.09561,42.738194,41.93881,40.770817,40.770817,40.770817,40.770817,37.70583,38.745945,38.745945,35.082947,35.082947,39.875935,39.875935,38.241985,34.60363,34.60363,39.934242,35.816235,40.561897,40.561897,40.561897,40.561897,35.04945,35.04945,35.04945,36.33664,27.011904,27.011904,33.943604,33.943604,33.943604,35.34712,35.34712,31.477312,32.13219,38.825066,44.451374,44.067562,35.54934,34.88576,34.88576,34.931133,36.356953,36.356953,36.24387,36.24387,32.543056,32.706932,36.538002,36.142475,34.311768,34.311768,35.27927,36.90921,36.886055,36.90921,36.90921,35.213665,35.213665,34.708748,34.708748,34.6923,34.6923,34.649498,33.60447,33.60447,33.57091,33.57091,33.57091,35.973118,36.79817,36.79817,37.53662,36.326157,36.53046,47.571793,47.571793,47.571793,36.33552,33.78203,38.92878,35.734375,34.59227,34.478455,34.302658,34.307278,34.307278,34.307278,19.765398,32.67785,32.12938,36.266445,35.96542,51.885014,51.885014,37.21317,43.65662,35.178467,35.178467,37.148163,33.661613,32.903385,33.76404,34.80104,34.631145,34.631145,30.845135,34.89181,30.02123,23.155603,24.051502,23.602148,21.370235,21.370235,21.370235,20.361109,20.361109,36.841816,36.841816,36.841816
TX-CR-5,34.837795,34.772335,34.772335,42.60474,50.813232,50.813232,0.0,0.0,0.0,0.0,28.99671,28.99671,35.665337,40.990036,39.977966,37.02208,38.43394,36.09561,42.738194,41.93881,40.770817,40.770817,40.770817,40.770817,37.70583,38.745945,38.745945,35.082947,35.082947,39.875935,39.875935,38.241985,34.60363,34.60363,39.934242,35.816235,40.561897,40.561897,40.561897,40.561897,35.04945,35.04945,35.04945,36.33664,27.011904,27.011904,33.943604,33.943604,33.943604,35.34712,35.34712,31.477312,32.13219,38.825066,44.451374,44.067562,35.54934,34.88576,34.88576,34.931133,36.356953,36.356953,36.24387,36.24387,32.543056,32.706932,36.538002,36.142475,34.311768,34.311768,35.27927,36.90921,36.886055,36.90921,36.90921,35.213665,35.213665,34.708748,34.708748,34.6923,34.6923,34.649498,33.60447,33.60447,33.57091,33.57091,33.57091,35.973118,36.79817,36.79817,37.53662,36.326157,36.53046,47.571793,47.571793,47.571793,36.33552,33.78203,38.92878,35.734375,34.59227,34.478455,34.302658,34.307278,34.307278,34.307278,19.765398,32.67785,32.12938,36.266445,35.96542,51.885014,51.885014,37.21317,43.65662,35.178467,35.178467,37.148163,33.661613,32.903385,33.76404,34.80104,34.631145,34.631145,30.845135,34.89181,30.02123,23.155603,24.051502,23.602148,21.370235,21.370235,21.370235,20.361109,20.361109,36.841816,36.841816,36.841816
TX-GCS-1,35.928207,35.671837,35.671837,42.92805,48.907055,48.907055,28.99671,28.99671,28.99671,28.99671,0.0,0.0,20.135094,41.82164,40.88767,37.933613,39.510406,36.923016,43.708374,42.914112,41.544865,41.544865,41.544865,41.544865,38.642513,39.6887,39.6887,35.857655,35.857655,40.81171,40.81171,39.18216,35.512836,35.512836,40.91304,36.44607,41.46809,41.46809,41.46809,41.46809,35.867302,35.867302,35.867302,37.10614,27.829044,27.829044,34.863647,34.863647,34.863647,36.271152,36.271152,32.396725,32.92007,37.035713,45.393204,45.000507,36.370583,35.33674,35.33674,36.26581,36.397144,36.397144,36.272476,36.272476,33.452545,33.615803,37.368084,37.05125,35.2205,35.2205,36.354378,35.150787,37.856667,35.150787,35.150787,36.17521,36.17521,35.67048,35.67048,35.613827,35.613827,35.563553,34.518734,34.518734,34.494602,34.494602,34.494602,36.908848,37.72428,37.72428,38.47985,37.966496,37.474155,48.53907,48.53907,48.53907,37.331116,34.688923,39.598923,36.807697,35.495792,35.381695,35.394306,35.21283,35.21283,35.21283,20.555805,33.77005,33.233055,37.17279,36.87328,51.773117,51.773117,38.143353,44.589622,36.28407,36.28407,38.107147,34.566105,33.187187,34.6708,35.89429,35.540165,35.540165,31.759312,35.831036,30.924232,24.009604,24.906292,24.45637,22.190851,22.190851,22.190851,21.178492,21.178492,37.7476,37.7476,37.7476
TX-GCS-2,35.928207,35.671837,35.671837,42.92805,48.907055,48.907055,28.99671,28.99671,28.99671,28.99671,0.0,0.0,20.135094,41.82164,40.88767,37.933613,39.510406,36.923016,43.708374,42.914112,41.544865,41.544865,41.544865,41.544865,38.642513,39.6887,39.6887,35.857655,35.857655,40.81171,40.81171,39.18216,35.512836,35.512836,40.91304,36.44607,41.46809,41.46809,41.46809,41.46809,35.867302,35.867302,35.867302,37.10614,27.829044,27.829044,34.863647,34.863647,34.863647,36.271152,36.271152,32.396725,32.92007,37.035713,45.393204,45.000507,36.370583,35.33674,35.33674,36.26581,36.397144,36.397144,36.272476,36.272476,33.452545,33.615803,37.368084,37.05125,35.2205,35.2205,36.354378,35.150787,37.856667,35.150787,35.150787,36.17521,36.17521,35.67048,35.67048,35.613827,35.613827,35.563553,34.518734,34.518734,34.494602,34.494602,34.494602,36.908848,37.72428,37.72428,38.47985,37.966496,37.474155,48.53907,48.53907,48.53907,37.331116,34.688923,39.598923,36.807697,35.495792,35.381695,35.394306,35.21283,35.21283,35.21283,20.555805,33.77005,33.233055,37.17279,36.87328,51.773117,51.773117,38.143353,44.589622,36.28407,36.28407,38.107147,34.566105,33.187187,34.6708,35.89429,35.540165,35.540165,31.759312,35.831036,30.924232,24.009604,24.906292,24.45637,22.190851,22.190851,22.190851,21.178492,21.178492,37.7476,37.7476,37.7476
TX-GCS-5,42.80009,42.542027,42.542027,50.70869,55.29474,55.29474,35.665337,35.665337,35.665337,35.665337,20.135094,20.135094,0.0,48.794724,47.81687,44.822514,46.41797,44.04219,50.66648,49.84318,48.489044,48.489044,48.489044,48.489044,46.06532,46.601612,46.601612,42.755516,42.755516,47.73781,47.73781,46.09787,42.38847,42.38847,47.838726,43.323166,48.411217,48.411217,48.411217,48.411217,42.948658,42.948658,42.948658,44.205574,34.652912,34.652912,41.75473,41.75473,41.75473,43.165905,43.165905,39.284557,39.941593,43.95135,52.33598,51.932602,43.273758,42.70101,42.70101,43.173313,43.268234,43.268234,43.142616,43.142616,41.487373,41.339523,44.287563,43.93868,42.76843,42.76843,43.23414,44.802517,44.777496,44.802517,44.802517,42.648853,42.648853,42.586792,42.586792,42.671566,42.671566,42.429127,41.42007,41.42007,41.39315,41.39315,41.39315,43.811977,44.61023,44.61023,45.37585,44.86698,44.369244,55.509235,55.509235,55.509235,44.449715,41.75158,46.36999,43.689972,42.361904,42.247757,42.448875,42.078506,42.078506,42.078506,27.358902,40.81903,39.88885,44.051357,43.933353,59.695957,59.695957,45.036278,51.19054,43.151573,43.151573,45.020763,41.444942,40.063988,41.551575,42.767982,42.414047,42.414047,38.634277,42.750156,37.79506,30.85026,31.746634,31.299166,29.003574,29.003574,29.003574,27.992947,27.992947,44.630417,44.630417,44.630417
NC-CMSP-5,38.383526,38.124382,38.124382,46.033638,58.896782,58.896782,40.990036,40.990036,40.990036,40.990036,41.82164,41.82164,48.794724,0.0,43.372833,40.582027,41.72426,39.65813,45.90806,45.10756,43.596115,43.596115,43.596115,43.596115,41.380775,42.426384,42.426384,38.32405,38.32405,43.063972,43.063972,41.430813,38.126717,38.126717,36.010475,38.60247,43.573315,43.573315,43.573315,43.573315,38.517155,38.517155,38.517155,39.76826,29.77716,29.77716,37.656433,37.656433,37.656433,38.46903,38.46903,34.59997,35.265324,42.098915,47.58175,47.17852,39.08469,38.15214,38.15214,38.94233,39.602695,39.602695,39.656727,39.656727,36.653828,36.99677,40.082943,39.230885,38.070583,38.070583,38.80871,40.158646,40.131367,40.158646,40.158646,38.439217,38.439217,38.254208,38.254208,38.226765,38.226765,37.984715,36.7633,36.7633,36.7266,36.7266,36.7266,39.12651,39.979084,39.979084,40.772106,40.196136,39.82162,50.816685,50.816685,50.816685,39.915115,37.035088,41.82754,39.47877,38.114914,38.000248,37.813667,38.18805,38.18805,38.18805,22.48746,36.555313,35.841755,39.791096,39.48478,55.216015,55.216015,40.332153,47.561264,38.830402,38.830402,40.375885,36.6846,36.163883,36.86676,39.208206,37.97421,37.97421,33.86686,38.03402,33.02354,26.026037,26.92651,26.477467,24.131308,24.131308,24.131308,23.119366,23.119366,41.79125,41.79125,41.79125
TX-DP-2,36.892014,36.823853,36.823853,45.24007,57.657593,57.657593,39.977966,39.977966,39.977966,39.977966,40.88767,40.88767,47.81687,43.372833,0.0,13.133317,40.112236,38.645947,44.61974,43.83359,42.47648,42.47648,42.47648,42.47648,40.823593,40.888184,40.888184,37.37837,37.37837,41.82127,41.82127,40.187103,36.625328,36.625328,41.873417,37.10387,42.497658,42.497658,42.497658,42.497658,37.360874,37.360874,37.360874,38.889378,28.9384,28.9384,36.4698,36.4698,36.4698,37.863087,37.863087,32.982327,33.48675,40.637905,46.378075,45.97664,38.0953,36.633373,36.633373,37.66098,38.749054,38.749054,38.36854,38.36854,34.560287,34.902927,39.080868,38.334103,36.79711,36.79711,37.18129,36.717587,36.232334,36.717587,36.717587,36.857533,36.857533,36.754513,36.754513,36.9966,36.9966,36.95414,35.52395,35.52395,35.52017,35.52017,35.52017,37.921364,38.72615,38.72615,39.487442,37.921803,38.097034,49.81093,49.81093,49.81093,38.508244,36.526924,40.1528,38.467926,37.066616,36.952652,37.377438,36.73021,36.73021,36.73021,21.704609,35.355408,34.748043,38.60425,38.212208,53.677567,53.677567,38.47812,45.9279,37.30704,37.30704,38.295914,35.600872,34.09758,35.699455,29.410652,28.625881,28.625881,32.78141,36.83738,31.95288,25.065674,25.95873,25.511814,23.298864,23.298864,23.298864,22.29198,22.29198,39.180817,39.180817,39.180817
TX-DP-5,34.372353,34.305683,34.305683,41.540943,54.843067,54.843067,37.02208,37.02208,37.02208,37.02208,37.933613,37.933613,44.822514,40.582027,13.133317,0.0,36.93633,35.68911,41.83279,41.045937,39.50909,39.50909,39.50909,39.50909,38.31319,39.138016,39.138016,34.844025,34.844025,39.045803,39.045803,37.42171,33.661793,33.661793,39.104607,34.125202,39.727577,39.727577,39.727577,39.727577,34.833275,34.833275,34.833275,35.946712,26.19693,26.19693,33.961525,33.961525,33.961525,35.098793,35.098793,30.660936,30.734795,37.87295,43.58648,43.204002,35.14345,34.27971,34.27971,34.711376,35.987705,35.987705,36.002907,36.002907,31.807905,32.148945,36.125294,35.572823,34.46497,34.46497,34.804977,33.638474,33.637,33.638474,33.638474,34.414757,34.414757,34.21416,34.21416,34.458782,34.458782,33.56589,32.639942,32.639942,32.454792,32.454792,32.454792,35.153645,35.971233,35.971233,36.727646,35.37032,35.689056,46.7218,46.7218,46.7218,35.537216,33.768192,37.05509,35.411263,34.537228,34.42681,34.61758,34.440872,34.440872,34.440872,18.971619,32.599483,31.864738,35.63055,35.31524,53.342247,53.342247,35.722885,43.130493,34.32397,34.32397,35.382874,32.849167,31.12974,32.944347,26.337978,25.698933,25.698933,30.027456,34.066822,29.200506,22.32569,23.220144,22.774727,20.56936,20.56936,20.56936,19.55972,19.55972,36.417953,36.417953,36.417953
CO-HM-1,34.180946,34.11212,34.11212,43.22282,56.28965,56.28965,38.43394,38.43394,38.43394,38.43394,39.510406,39.510406,46.41797,41.72426,40.112236,36.93633,0.0,37.26742,42.668957,41.859615,40.916714,40.916714,40.916714,40.916714,37.616318,39.143017,39.143017,36.29444,36.29444,39.79109,39.79109,38.158955,34.77104,34.77104,39.828533,36.085945,40.541912,40.541912,40.541912,40.541912,36.405567,36.405567,36.405567,37.52872,27.025997,27.025997,33.87429,33.87429,33.87429,35.274727,35.274727,31.402266,32.055008,38.620823,44.374054,43.986927,36.723186,34.353012,34.353012,36.268764,36.578407,36.578407,36.450603,36.450603,32.316074,32.647446,37.542255,36.07141,34.250935,34.250935,35.440853,34.42327,34.41575,34.42327,34.42327,35.128857,35.128857,34.28187,34.28187,35.85923,35.85923,35.8161,33.49942,33.49942,33.462364,33.462364,33.462364,35.898544,36.67755,36.67755,37.45072,36.59016,36.53231,47.48141,47.48141,47.48141,37.16198,34.153515,38.882397,35.888905,34.580635,34.469765,34.32679,34.326496,34.326496,34.326496,19.792564,32.88465,32.078976,36.279377,35.800392,50.736202,50.736202,36.35076,43.378967,34.91959,34.91959,37.06407,33.61598,32.20631,33.69046,35.16526,34.814983,34.814983,30.79733,34.789734,29.973503,23.11594,24.010296,23.562246,21.38792,21.38792,21.38792,20.379585,20.379585,36.764633,36.764633,36.764633
OH-WN-4,33.69935,33.44394,33.44394,41.313625,54.52638,54.52638,36.09561,36.09561,36.09561,36.09561,36.923016,36.923016,44.04219,39.65813,38.645947,35.68911,37.26742,0.0,41.465946,40.651512,38.859123,38.859123,38.859123,38.859123,36.393425,37.44073,37.44073,33.43703,33.43703,38.584236,38.584236,36.955334,33.27479,33.27479,38.680943,34.206783,39.232803,39.232803,39.232803,39.232803,33.632774,33.632774,33.632774,34.88093,25.69735,25.69735,32.622913,32.622913,32.622913,34.0283,34.0283,30.167912,30.826153,32.927284,43.143265,42.735382,34.19423,33.703693,33.703693,34.0753,34.166138,34.166138,34.042255,34.042255,32.364185,32.21967,35.00879,34.816654,33.640823,33.640823,33.95258,35.644955,35.62081,35.644955,35.644955,33.946022,33.946022,33.58192,33.58192,33.369823,33.369823,33.319405,32.295135,32.295135,32.24822,32.24822,32.24822,34.653378,35.548557,35.548557,36.306614,35.736732,35.24198,46.28433,46.28433,46.28433,34.999187,32.64758,37.118805,34.577744,33.252865,33.13902,33.148933,32.969795,32.969795,32.969795,18.469309,31.349115,30.791365,34.925823,34.806942,49.530575,49.530575,35.891056,41.9774,34.03996,34.03996,35.883015,32.316093,30.951414,32.449627,33.65295,33.299053,33.299053,29.50529,33.586002,28.68417,21.813759,22.70912,22.259613,20.06157,20.06157,20.06157,19.053118,19.053118,35.515236,35.515236,35.515236
OH-CV-1,39.860207,39.791424,39.791424,45.610798,60.71837,60.71837,42.738194,42.738194,42.738194,42.738194,43.708374,43.708374,50.66648,45.90806,44.61974,41.83279,42.668957,41.465946,0.0,15.663812,45.289803,45.289803,45.289803,45.289803,41.697033,42.608433,42.608433,40.459267,40.459267,42.89735,42.89735,41.181053,39.568027,39.568027,42.251266,40.542793,45.43762,45.43762,45.43762,45.43762,40.58647,40.58647,40.58647,41.697666,31.541483,31.541483,38.211723,38.211723,38.211723,39.471535,39.471535,35.261715,35.75175,39.915146,49.269997,48.892258,40.90373,38.94497,38.94497,40.47782,40.561493,40.561493,40.434147,40.434147,37.372486,37.528576,41.906834,40.66586,39.33547,39.33547,40.163456,39.35571,39.351505,39.35571,39.35571,37.892445,37.892445,37.34773,37.34773,40.176243,40.176243,40.13301,36.290314,36.290314,36.290173,36.290173,36.290173,39.443214,39.27089,39.27089,39.177425,40.610622,40.238556,50.29325,50.29325,50.29325,41.30676,38.97345,42.387383,40.484367,40.171253,40.060257,39.84707,39.69918,39.69918,39.69918,24.195913,38.13011,37.76511,41.611473,41.29636,56.1989,56.1989,41.392925,48.652195,40.59766,40.59766,39.57224,38.23464,37.365524,37.550083,40.16089,39.81225,39.81225,34.972935,38.38016,34.340157,27.633099,28.499903,28.06012,25.905613,25.905613,25.905613,24.8904,24.8904,41.559895,41.559895,41.559895
OH-CV-4,39.06354,38.994965,38.994965,44.83113,59.897213,59.897213,41.93881,41.93881,41.93881,41.93881,42.914112,42.914112,49.84318,45.10756,43.83359,41.045937,41.859615,40.651512,15.663812,0.0,44.50009,44.50009,44.50009,44.50009,40.907303,41.800167,41.800167,39.640976,39.640976,42.1023,42.1023,40.38685,38.780075,38.780075,41.438015,39.728012,44.667538,44.667538,44.667538,44.667538,39.79187,39.79187,39.79187,40.890408,30.80315,30.80315,37.42387,37.42387,37.42387,38.690376,38.690376,34.47402,34.96987,39.323326,48.48937,48.11858,40.09334,38.16318,38.16318,39.665245,39.78103,39.78103,39.653164,39.653164,36.562897,36.719086,41.086006,39.849915,38.54529,38.54529,39.377197,38.5507,38.546406,38.5507,38.5507,37.095673,37.095673,36.55485,36.55485,39.373863,39.373863,39.32925,35.501907,35.501907,35.513466,35.513466,35.513466,38.663036,38.453625,38.453625,38.394093,39.80222,39.431194,49.50632,49.50632,49.50632,40.494457,38.17278,41.581856,39.68131,39.374752,39.261826,39.05057,38.887497,38.887497,38.887497,23.478064,37.33856,36.977295,40.832993,40.518906,55.396183,55.396183,40.61106,47.84734,39.815037,39.815037,38.792065,37.45783,36.58676,36.772842,39.343227,38.9943,38.9943,34.20479,37.57892,33.570297,26.873184,27.731365,27.300608,25.173613,25.173613,25.173613,24.15908,24.15908,40.76636,40.76636,40.76636
AL-OM-1,37.302124,37.236298,37.236298,45.52196,58.37572,58.37572,40.770817,40.770817,40.770817,40.770817,41.544865,41.544865,48.489044,43.596115,42.47648,39.50909,40.916714,38.859123,45.289803,44.50009,0.0,0.0,0.0,0.0,31.86115,32.21864,32.21864,37.55028,37.55028,42.388542,42.388542,40.75181,37.07892,37.07892,42.44952,34.687504,43.107864,43.107864,43.107864,43.107864,38.42679,38.42679,38.42679,39.27578,29.438456,29.438456,36.43466,36.43466,36.43466,37.8416,37.8416,33.961315,34.484238,41.27942,46.994755,46.59908,38.743557,37.510292,37.510292,37.86495,39.073242,39.073242,37.826347,37.826347,35.18042,35.17909,39.28584,38.619457,36.95152,36.95152,37.754185,39.421646,39.39864,39.421646,39.421646,37.29789,37.29789,36.872753,36.872753,36.965862,36.965862,36.923103,36.08182,36.08182,36.082634,36.082634,36.082634,38.478077,39.266754,39.266754,40.011154,35.67066,35.516205,50.12242,50.12242,50.12242,39.34851,36.251312,41.523155,32.500492,37.062424,36.949104,36.960304,36.778816,36.778816,36.778816,22.179512,35.153145,34.59938,38.743397,38.62283,53.418293,53.418293,39.71375,45.83696,37.850025,37.850025,39.658897,36.138332,34.75711,36.23283,37.463043,37.10851,37.10851,33.33425,37.41832,32.49266,25.586863,26.482904,26.035963,23.801052,23.801052,23.801052,22.790482,22.790482,39.3161,39.3161,39.3161
AL-OM-2,37.302124,37.236298,37.236298,45.52196,58.37572,58.37572,40.770817,40.770817,40.770817,40.770817,41.544865,41.544865,48.489044,43.596115,42.47648,39.50909,40.916714,38.859123,45.289803,44.50009,0.0,0.0,0.0,0.0,31.86115,32.21864,32.21864,37.55028,37.55028,42.388542,42.388542,40.75181,37.07892,37.07892,42.44952,34.687504,43.107864,43.107864,43.107864,43.107864,38.42679,38.42679,38.42679,39.27578,29.438456,29.438456,36.43466,36.43466,36.43466,37.8416,37.8416,33.961315,34.484238,41.27942,46.994755,46.59908,38.743557,37.510292,37.510292,37.86495,39.073242,39.073242,37.826347,37.826347,35.18042,35.17909,39.28584,38.619457,36.95152,36.95152,37.754185,39.421646,39.39864,39.421646,39.421646,37.29789,37.29789,36.872753,36.872753,36.965862,36.965862,36.923103,36.08182,36.08182,36.082634,36.082634,36.082634,38.478077,39.266754,39.266754,40.011154,35.67066,35.516205,50.12242,50.12242,50.12242,39.34851,36.251312,41.523155,32.500492,37.062424,36.949104,36.960304,36.778816,36.778816,36.778816,22.179512,35.153145,34.59938,38.743397,38.62283,53.418293,53.418293,39.71375,45.83696,37.850025,37.850025,39.658897,36.138332,34.75711,36.23283,37.463043,37.10851,37.10851,33.33425,37.41832,32.49266,25.586863,26.482904,26.035963,23.801052,23.801052,23.801052,22.790482,22.790482,39.3161,39.3161,39.3161
AL-OM-4,37.302124,37.236298,37.236298,45.52196,58.37572,58.37572,40.770817,40.770817,40.770817,40.770817,41.544865,41.544865,48.489044,43.596115,42.47648,39.50909,40.916714,38.859123,45.289803,44.50009,0.0,0.0,0.0,0.0,31.86115,32.21864,32.21864,37.55028,37.55028,42.388542,42.388542,40.75181,37.07892,37.07892,42.44952,34.687504,43.107864,43.107864,43.107864,43.107864,38.42679,38.42679,38.42679,39.27578,29.438456,29.438456,36.43466,36.43466,36.43466,37.8416,37.8416,33.961315,34.484238,41.27942,46.994755,46.59908,38.743557,37.510292,37.510292,37.86495,39.073242,39.073242,37.826347,37.826347,35.18042,35.17909,39.28584,38.619457,36.95152,36.95152,37.754185,39.421646,39.39864,39.421646,39.421646,37.29789,37.29789,36.872753,36.872753,36.965862,36.965862,36.923103,36.08182,36.08182,36.082634,36.082634,36.082634,38.478077,39.266754,39.266754,40.011154,35.67066,35.516205,50.12242,50.12242,50.12242,39.34851,36.251312,41.523155,32.500492,37.062424,36.949104,36.960304,36.778816,36.778816,36.778816,22.179512,35.153145,34.59938,38.743397,38.62283,53.418293,53.418293,39.71375,45.83696,37.850025,37.850025,39.658897,36.138332,34.75711,36.23283,37.463043,37.10851,37.10851,33.33425,37.41832,32.49266,25.586863,26.482904,26.035963,23.801052,23.801052,23.801052,22.790482,22.790482,39.3161,39.3161,39.3161
AL-OM-5,37.302124,37.236298,37.236298,45.52196,58.37572,58.37572,40.770817,40.770817,40.770817,40.770817,41.544865,41.544865,48.489044,43.596115,42.47648,39.50909,40.916714,38.859123,45.289803,44.50009,0.0,0.0,0.0,0.0,31.86115,32.21864,32.21864,37.55028,37.55028,42.388542,42.388542,40.75181,37.07892,37.07892,42.44952,34.687504,43.107864,43.107864,43.107864,43.107864,38.42679,38.42679,38.42679,39.27578,29.438456,29.438456,36.43466,36.43466,36.43466,37.8416,37.8416,33.961315,34.484238,41.27942,46.994755,46.59908,38.743557,37.510292,37.510292,37.86495,39.073242,39.073242,37.826347,37.826347,35.18042,35.17909,39.28584,38.619457,36.95152,36.95152,37.754185,39.421646,39.39864,39.421646,39.421646,37.29789,37.29789,36.872753,36.872753,36.965862,36.965862,36.923103,36.08182,36.08182,36.082634,36.082634,36.082634,38.478077,39.266754,39.266754,40.011154,35.67066,35.516205,50.12242,50.12242,50.12242,39.34851,36.251312,41.523155,32.500492,37.062424,36.949104,36.960304,36.778816,36.778816,36.778816,22.179512,35.153145,34.59938,38.743397,38.62283,53.418293,53.418293,39.71375,45.83696,37.850025,37.850025,39.658897,36.138332,34.75711,36.23283,37.463043,37.10851,37.10851,33.33425,37.41832,32.49266,25.586863,26.482904,26.035963,23.801052,23.801052,23.801052,22.790482,22.790482,39.3161,39.3161,39.3161
AL-TIH-1,34.992012,34.92385,34.92385,41.62941,55.974575,55.974575,37.70583,37.70583,37.70583,37.70583,38.642513,38.642513,46.06532,41.380775,40.823593,38.31319,37.616318,36.393425,41.697033,40.907303,31.86115,31.86115,31.86115,31.86115,0.0,11.062406,11.062406,35.42178,35.42178,38.80412,38.80412,37.12432,35.0159,35.0159,38.574776,34.133854,39.7097,39.7097,39.7097,39.7097,35.527985,35.527985,35.527985,36.66292,26.200766,26.200766,34.195614,34.195614,34.195614,35.316483,35.316483,30.855387,30.905952,37.190258,43.50309,43.132942,35.84918,34.2211,34.2211,35.398045,37.15254,37.15254,37.21048,37.21048,32.057133,32.239323,36.816364,35.16385,34.49419,34.49419,35.64741,35.587383,34.476536,35.587383,35.587383,33.74042,33.74042,33.065197,33.065197,35.113766,35.113766,35.070915,32.578796,32.578796,32.559692,32.559692,32.559692,35.00735,35.624928,35.624928,36.31659,31.94581,32.645134,46.78584,46.78584,46.78584,36.82772,34.53656,38.96434,31.799875,35.534027,35.421204,34.825764,34.807693,34.807693,34.807693,18.9594,33.60783,33.247307,37.074017,36.75473,52.697117,52.697117,37.950634,44.220886,36.106056,36.106056,35.924503,32.77254,32.912395,32.82084,35.552135,35.82284,35.82284,29.953161,33.901028,29.133928,22.306303,23.199469,22.751123,20.565998,20.565998,20.565998,19.555433,19.555433,37.2637,37.2637,37.2637
AL-TIH-3,36.021145,35.952442,35.952442,42.67326,57.024582,57.024582,38.745945,38.745945,38.745945,38.745945,39.6887,39.6887,46.601612,42.426384,40.888184,39.138016,39.143017,37.44073,42.608433,41.800167,32.21864,32.21864,32.21864,32.21864,11.062406,0.0,0.0,36.462624,36.462624,39.704845,39.704845,38.00815,35.566734,35.566734,39.504406,35.124424,40.582115,40.582115,40.582115,40.582115,36.570053,36.570053,36.570053,37.70616,27.053923,27.053923,35.43709,35.43709,35.43709,36.172714,36.172714,30.995317,32.20739,38.11129,44.39315,44.027756,36.891953,34.914383,34.914383,36.438873,37.754787,37.754787,37.630306,37.630306,33.522118,33.747116,37.860744,36.64124,35.51416,35.51416,36.18941,36.256744,36.462215,36.256744,36.256744,34.5941,34.5941,34.18483,34.18483,36.147114,36.147114,36.58508,33.454025,33.454025,33.443027,33.443027,33.443027,35.879364,36.540688,36.540688,37.229347,32.61576,32.480545,47.46291,47.46291,47.46291,37.875526,35.165287,39.11739,32.699768,36.268482,36.156647,35.9634,35.83847,35.83847,35.83847,19.804226,34.62771,34.26539,38.10348,37.784878,53.630646,53.630646,38.550728,45.716095,37.305576,37.305576,36.8347,33.642624,33.92374,33.687233,36.585747,36.841255,36.841255,30.819407,34.78991,29.995941,23.163317,24.056725,23.60785,21.416475,21.416475,21.416475,20.406933,20.406933,38.3554,38.3554,38.3554
AL-TIH-4,36.021145,35.952442,35.952442,42.67326,57.024582,57.024582,38.745945,38.745945,38.745945,38.745945,39.6887,39.6887,46.601612,42.426384,40.888184,39.138016,39.143017,37.44073,42.608433,41.800167,32.21864,32.21864,32.21864,32.21864,11.062406,0.0,0.0,36.462624,36.462624,39.704845,39.704845,38.00815,35.566734,35.566734,39.504406,35.124424,40.582115,40.582115,40.582115,40.582115,36.570053,36.570053,36.570053,37.70616,27.053923,27.053923,35.43709,35.43709,35.43709,36.172714,36.172714,30.995317,32.20739,38.11129,44.39315,44.027756,36.891953,34.914383,34.914383,36.438873,37.754787,37.754787,37.630306,37.630306,33.522118,33.747116,37.860744,36.64124,35.51416,35.51416,36.18941,36.256744,36.462215,36.256744,36.256744,34.5941,34.5941,34.18483,34.18483,36.147114,36.147114,36.58508,33.454025,33.454025,33.443027,33.443027,33.443027,35.879364,36.540688,36.540688,37.229347,32.61576,32.480545,47.46291,47.46291,47.46291,37.875526,35.165287,39.11739,32.699768,36.268482,36.156647,35.9634,35.83847,35.83847,35.83847,19.804226,34.62771,34.26539,38.10348,37.784878,53.630646,53.630646,38.550728,45.716095,37.305576,37.305576,36.8347,33.642624,33.92374,33.687233,36.585747,36.841255,36.841255,30.819407,34.78991,29.995941,23.163317,24.056725,23.60785,21.416475,21.416475,21.416475,20.406933,20.406933,38.3554,38.3554,38.3554
KY-RR-2,32.021473,32.61092,32.61092,40.577183,52.965206,52.965206,35.082947,35.082947,35.082947,35.082947,35.857655,35.857655,42.755516,38.32405,37.37837,34.844025,36.29444,33.43703,40.459267,39.640976,37.55028,37.55028,37.55028,37.55028,35.42178,36.462624,36.462624,0.0,0.0,37.600445,37.600445,35.97295,32.15856,32.15856,37.664825,33.05169,38.297264,38.297264,38.297264,38.297264,32.368237,32.368237,32.368237,34.011974,24.845188,24.845188,31.671824,31.671824,31.671824,33.07155,33.07155,29.211967,29.865278,33.539948,42.15346,41.75922,32.895447,32.614586,32.614586,32.228966,33.34796,33.34796,33.218082,33.218082,30.282108,30.446424,33.67676,33.86538,32.165695,32.165695,33.129585,34.64526,34.620487,34.64526,34.64526,32.52404,32.52404,32.33929,32.33929,31.966373,31.966373,31.923553,31.09668,31.09668,31.307243,31.307243,31.307243,33.70285,34.551277,34.551277,35.31017,34.03866,33.65903,45.281525,45.281525,45.281525,33.808735,31.512583,34.880074,33.108673,32.22425,32.113117,32.040268,31.9885,31.9885,31.9885,17.636366,30.163034,29.798555,33.942368,33.258526,49.69602,49.69602,34.263832,41.126366,33.02914,33.02914,34.891846,31.4106,29.822603,31.499681,32.488224,32.484535,32.484535,28.585365,32.632374,27.771502,20.933924,21.826307,21.378983,19.218613,19.218613,19.218613,18.211935,18.211935,34.5107,34.5107,34.5107
KY-RR-5,32.021473,32.61092,32.61092,40.577183,52.965206,52.965206,35.082947,35.082947,35.082947,35.082947,35.857655,35.857655,42.755516,38.32405,37.37837,34.844025,36.29444,33.43703,40.459267,39.640976,37.55028,37.55028,37.55028,37.55028,35.42178,36.462624,36.462624,0.0,0.0,37.600445,37.600445,35.97295,32.15856,32.15856,37.664825,33.05169,38.297264,38.297264,38.297264,38.297264,32.368237,32.368237,32.368237,34.011974,24.845188,24.845188,31.671824,31.671824,31.671824,33.07155,33.07155,29.211967,29.865278,33.539948,42.15346,41.75922,32.895447,32.614586,32.614586,32.228966,33.34796,33.34796,33.218082,33.218082,30.282108,30.446424,33.67676,33.86538,32.165695,32.165695,33.129585,34.64526,34.620487,34.64526,34.64526,32.52404,32.52404,32.33929,32.33929,31.966373,31.966373,31.923553,31.09668,31.09668,31.307243,31.307243,31.307243,33.70285,34.551277,34.551277,35.31017,34.03866,33.65903,45.281525,45.281525,45.281525,33.808735,31.512583,34.880074,33.108673,32.22425,32.113117,32.040268,31.9885,31.9885,31.9885,17.636366,30.163034,29.798555,33.942368,33.258526,49.69602,49.69602,34.263832,41.126366,33.02914,33.02914,34.891846,31.4106,29.822603,31.499681,32.488224,32.484535,32.484535,28.585365,32.632374,27.771502,20.933924,21.826307,21.378983,19.218613,19.218613,19.218613,18.211935,18.211935,34.5107,34.5107,34.5107
