,NC-GSM-2,NC-GSM-4,NC-GSM-5,TX-LL-2,TX-MC-1,TX-MC-3,TX-CR-1,TX-CR-3,TX-CR-4,TX-CR-5,TX-GCS-1,TX-GCS-2,TX-GCS-5,NC-CMSP-5,TX-DP-2,TX-DP-5,CO-HM-1,OH-WN-4,OH-CV-1,OH-CV-4,AL-OM-1,AL-OM-2,AL-OM-4,AL-OM-5,AL-TIH-1,AL-TIH-3,AL-TIH-4,KY-RR-2,KY-RR-5,NY-BM-1,NY-BM-2,NY-BM-5,TX-CB-2,TX-CB-4,SC-AJ-2,AL-CSP-3,DE-WC-1,DE-WC-2,DE-WC-3,DE-WC-5,PA-BE-2,PA-BE-3,PA-BE-4,PA-SGL-2,MD-SERC-1,MD-SERC-3,MN-BR-1,MN-BR-2,MN-BR-3,MN-BR-4,MN-BR-5,MN-MS-3,MN-MS-5,OH-MSF-2,PA-RC-2,PA-RC-3,IN-SS-1,SD-AS-2,SD-AS-3,IL-CL-2,GA-CNF-1,GA-CNF-2,GA-CNF-4,GA-CNF-5,SD-OL-3,SD-OL-4,IL-KS-1,SD-LH-1,SD-SS-1,SD-SS-2,WA-SB-4,ND-KS-1,ND-KS-2,ND-KS-3,ND-KS-4,ND-AN-1,ND-AN-2,ND-AN-4,ND-AN-5,ND-WL-1,ND-WL-2,ND-WL-5,ND-LL-1,ND-LL-2,ND-LL-3,ND-LL-4,ND-LL-5,ND-LI-5,ND-LN-4,ND-LN-5,ND-LZ-5,AL-BN-2,AL-BN-4,TN-WR-2,TN-WR-4,TN-WR-5,IN-WM-5,TN-CS-1,GA-RT-4,AL-TN-2,WY-TB-2,WY-TB-3,MT-CG-3,MT-PC-1,MT-PC-3,MT-PC-4,MI-PR-2,WY-BH-4,WY-BH-5,SD-BH-2,SD-BH-5,MN-CF-1,MN-CF-2,MN-LR-5,IA-RR-4,IA-CS-4,IA-CS-5,TX-SH-2,FL-WP-3,KS-MS-2,FL-BS-3,TX-MN-2,TX-MN-4,TX-MN-5,LA-HN-5,MN-SD-5,MN-RR-3,LA-LO-1,LA-LO-2,LA-LO-3,LA-AN-1,LA-AN-2,LA-AN-3,LA-AN-4,LA-AN-5,MN-MH-3,MN-MH-4,MN-MH-5
NC-GSM-2,0.0,0.5932224,0.5932224,44.8053,40.079895,40.079895,9.369658,9.369658,9.369658,9.369658,7.2587957,7.2587957,14.927089,16.436977,20.968767,18.41478,9.889292,8.774052,21.218702,19.15373,14.36805,14.36805,14.36805,14.36805,10.415938,11.63979,11.63979,5.5867944,5.5867944,12.593,12.593,9.846251,4.532357,4.532357,10.561657,6.215235,22.077583,22.077583,22.077583,22.077583,5.574988,5.574988,5.574988,7.3829923,24.099741,24.099741,10.002755,10.002755,10.002755,9.367576,9.367576,18.044836,16.3365,8.762848,26.077393,26.496931,7.795415,9.083037,9.083037,10.63548,4.715747,4.715747,4.498873,4.498873,11.613736,11.440637,11.069641,12.478924,7.7707624,7.7707624,5.2336655,8.363891,7.9478416,8.363891,8.363891,8.853508,8.853508,9.298985,9.298985,6.181731,6.181731,6.0569377,10.237071,10.237071,10.285153,10.285153,10.285153,6.519591,8.769098,8.769098,8.12382,12.489597,13.222874,34.029053,34.029053,34.029053,9.932139,10.799422,20.139147,6.9586644,4.6402617,4.6663246,5.2452188,4.5743155,4.5743155,4.5743155,13.050186,7.1930137,6.4700255,8.223773,7.286486,44.968555,44.968555,23.1213,24.852215,7.9659734,7.9659734,7.6948223,9.576574,17.320023,11.538442,7.347506,8.307383,8.307383,8.640157,14.094896,10.535713,14.653333,13.501553,12.639846,18.057629,18.057629,18.057629,18.031408,18.031408,10.435523,10.435523,10.435523
NC-GSM-4,0.5932224,0.0,0.0,44.749767,40.040127,40.040127,9.33511,9.33511,9.33511,9.33511,7.2258677,7.2258677,14.892259,16.396154,20.924938,18.381664,9.85441,8.737307,21.171116,19.111937,14.330258,14.330258,14.330258,14.330258,10.383511,11.600407,11.600407,5.550945,5.550945,12.554173,12.554173,9.807825,4.503657,4.503657,10.522405,6.1782246,22.042074,22.042074,22.042074,22.042074,5.545715,5.545715,5.545715,7.346785,24.046999,24.046999,9.965115,9.965115,9.965115,9.331168,9.331168,18.005898,16.305632,8.728283,26.026669,26.447666,7.7592306,9.050207,9.050207,10.599573,4.75792,4.75792,4.531121,4.531121,11.576812,11.405482,11.03198,12.447986,7.7347875,7.7347875,5.2029424,8.327447,7.9108524,8.327447,8.327447,8.815348,8.815348,9.261041,9.261041,6.147784,6.147784,6.022513,10.199884,10.199884,10.2526455,10.2526455,10.2526455,6.4847093,8.732813,8.732813,8.087894,12.454822,13.184486,33.988445,33.988445,33.988445,9.892883,10.762832,20.104197,6.926682,4.611421,4.637411,5.212763,4.546255,4.546255,4.546255,13.008467,7.1597834,6.4371996,8.189369,7.2516017,44.91228,44.91228,23.076658,24.815521,7.932648,7.932648,7.6557336,9.535358,17.286983,11.493842,7.3094187,8.27105,8.27105,8.609634,14.056224,10.493561,14.613734,13.464277,12.599496,18.01967,18.01967,18.01967,17.986055,17.986055,10.395427,10.395427,10.395427
NC-GSM-5,0.5932224,0.0,0.0,44.749767,40.040127,40.040127,9.33511,9.33511,9.33511,9.33511,7.2258677,7.2258677,14.892259,16.396154,20.924938,18.381664,9.85441,8.737307,21.171116,19.111937,14.330258,14.330258,14.330258,14.330258,10.383511,11.600407,11.600407,5.550945,5.550945,12.554173,12.554173,9.807825,4.503657,4.503657,10.522405,6.1782246,22.042074,22.042074,22.042074,22.042074,5.545715,5.545715,5.545715,7.346785,24.046999,24.046999,9.965115,9.965115,9.965115,9.331168,9.331168,18.005898,16.305632,8.728283,26.026669,26.447666,7.7592306,9.050207,9.050207,10.599573,4.75792,4.75792,4.531121,4.531121,11.576812,11.405482,11.03198,12.447986,7.7347875,7.7347875,5.2029424,8.327447,7.9108524,8.327447,8.327447,8.815348,8.815348,9.261041,9.261041,6.147784,6.147784,6.022513,10.199884,10.199884,10.2526455,10.2526455,10.2526455,6.4847093,8.732813,8.732813,8.087894,12.454822,13.184486,33.988445,33.988445,33.988445,9.892883,10.762832,20.104197,6.926682,4.611421,4.637411,5.212763,4.546255,4.546255,4.546255,13.008467,7.1597834,6.4371996,8.189369,7.2516017,44.91228,44.91228,23.076658,24.815521,7.932648,7.932648,7.6557336,9.535358,17.286983,11.493842,7.3094187,8.27105,8.27105,8.609634,14.056224,10.493561,14.613734,13.464277,12.599496,18.01967,18.01967,18.01967,17.986055,17.986055,10.395427,10.395427,10.395427
TX-LL-2,44.8053,44.749767,44.749767,0.0,83.68112,83.68112,50.61778,50.61778,50.61778,50.61778,48.5488,48.5488,56.39121,60.632,63.752373,61.228416,51.01209,52.68599,67.579605,65.5243,58.630863,58.630863,58.630863,58.630863,54.45473,55.754147,55.754147,48.270252,48.270252,56.2181,56.2181,53.362354,44.790615,44.790615,54.958424,49.258816,68.41237,68.41237,68.41237,68.41237,47.05126,47.05126,47.05126,49.16635,71.976616,71.976616,54.021446,54.021446,54.021446,53.346527,53.346527,62.600494,60.96145,53.247944,73.39092,73.77602,51.84545,53.020927,53.020927,54.578297,46.484043,46.484043,46.24042,46.24042,55.570766,55.408257,55.099705,56.294785,51.687145,51.687145,46.605812,52.1925,51.776554,52.1925,52.1925,52.75488,52.75488,53.19735,53.19735,47.148216,47.148216,47.062492,54.168205,54.168205,54.261055,54.261055,54.261055,48.104866,52.213245,52.213245,50.293808,56.46035,57.13844,79.026344,79.026344,79.026344,54.378025,53.50381,63.30334,50.077393,44.919464,44.974205,45.621174,44.826904,44.826904,44.826904,58.155273,47.95193,47.140717,49.48092,48.520187,91.97614,91.97614,68.7474,69.21814,51.894638,51.894638,51.84956,54.48672,60.10384,56.818302,49.924995,50.943016,50.943016,52.03923,59.29946,55.4162,59.027466,57.881775,57.034294,63.248478,63.248478,63.248478,63.244217,63.244217,54.649086,54.649086,54.649086
TX-MC-1,40.079895,40.040127,40.040127,83.68112,0.0,0.0,44.68827,44.68827,44.68827,44.68827,41.649475,41.649475,49.173553,53.284184,57.38812,54.74492,45.74018,45.134174,58.904472,56.859974,51.114468,51.114468,51.114468,51.114468,46.914368,48.172234,48.172234,41.753372,41.753372,49.079006,49.079006,46.286854,39.98618,39.98618,47.15733,42.40988,59.61161,59.61161,59.61161,59.61161,41.49306,41.49306,41.49306,43.456314,62.484432,62.484432,46.414978,46.414978,46.414978,45.753647,45.753647,54.808746,53.147133,45.263916,64.41472,64.80927,44.16334,45.434795,45.434795,46.98486,41.293377,41.293377,41.055202,41.055202,48.022522,47.860085,47.459026,48.8553,44.101654,44.101654,41.110054,44.676243,44.259544,44.676243,44.676243,45.192596,45.192596,45.642838,45.642838,41.94279,41.94279,41.833736,46.655373,46.655373,46.728474,46.728474,46.728474,42.487545,45.09463,45.09463,44.25355,48.99265,49.702156,71.17068,71.17068,71.17068,46.42263,47.380543,56.96802,43.15956,40.119682,40.155045,40.773003,40.0485,40.0485,40.0485,49.93501,42.888718,42.123264,44.114056,43.162666,83.475464,83.475464,60.511726,61.63086,44.335068,44.335068,44.103264,46.176502,53.636032,48.402756,43.600636,44.58608,44.58608,44.89843,51.050133,47.211258,51.356205,50.18169,49.3234,55.066143,55.066143,55.066143,55.059135,55.059135,46.893192,46.893192,46.893192
TX-MC-3,40.079895,40.040127,40.040127,83.68112,0.0,0.0,44.68827,44.68827,44.68827,44.68827,41.649475,41.649475,49.173553,53.284184,57.38812,54.74492,45.74018,45.134174,58.904472,56.859974,51.114468,51.114468,51.114468,51.114468,46.914368,48.172234,48.172234,41.753372,41.753372,49.079006,49.079006,46.286854,39.98618,39.98618,47.15733,42.40988,59.61161,59.61161,59.61161,59.61161,41.49306,41.49306,41.49306,43.456314,62.484432,62.484432,46.414978,46.414978,46.414978,45.753647,45.753647,54.808746,53.147133,45.263916,64.41472,64.80927,44.16334,45.434795,45.434795,46.98486,41.293377,41.293377,41.055202,41.055202,48.022522,47.860085,47.459026,48.8553,44.101654,44.101654,41.110054,44.676243,44.259544,44.676243,44.676243,45.192596,45.192596,45.642838,45.642838,41.94279,41.94279,41.833736,46.655373,46.655373,46.728474,46.728474,46.728474,42.487545,45.09463,45.09463,44.25355,48.99265,49.702156,71.17068,71.17068,71.17068,46.42263,47.380543,56.96802,43.15956,40.119682,40.155045,40.773003,40.0485,40.0485,40.0485,49.93501,42.888718,42.123264,44.114056,43.162666,83.475464,83.475464,60.511726,61.63086,44.335068,44.335068,44.103264,46.176502,53.636032,48.402756,43.600636,44.58608,44.58608,44.89843,51.050133,47.211258,51.356205,50.18169,49.3234,55.066143,55.066143,55.066143,55.059135,55.059135,46.893192,46.893192,46.893192
TX-CR-1,9.369658,9.33511,9.33511,50.61778,44.68827,44.68827,0.0,0.0,0.0,0.0,9.975337,9.975337,17.64052,21.573692,25.946983,23.391788,14.519637,13.683645,26.603086,24.532646,19.404198,19.404198,19.404198,19.404198,15.401699,16.64029,16.64029,10.349001,10.349001,17.563152,17.563152,14.798437,9.00741,9.00741,15.592816,11.08782,27.405264,27.405264,27.405264,27.405264,10.304738,10.304738,10.304738,12.258393,29.908619,29.908619,14.946798,14.946798,14.946798,14.293816,14.293816,23.097637,21.393597,13.734327,31.68468,32.057766,12.69827,13.989516,13.989516,15.54058,10.429356,10.429356,10.19413,10.19413,16.541567,16.371618,15.996553,17.388643,12.662077,12.662077,9.790489,13.248917,12.828954,13.248917,13.248917,13.761351,13.761351,14.209997,14.209997,10.613529,10.613529,10.4802,15.165991,15.165991,15.222542,15.222542,15.222542,11.15556,13.6846075,13.6846075,12.992513,17.498468,18.224539,39.20659,39.20659,39.20659,14.916094,15.952772,25.287033,11.839253,9.11184,9.064716,9.6488495,9.003801,9.003801,9.003801,18.25501,11.73112,10.913557,12.64397,11.69238,50.627205,50.627205,28.427847,29.916325,12.864702,12.864702,12.616576,14.622429,22.145288,16.645584,12.224741,13.201544,13.201544,13.554048,19.234941,15.569142,19.702667,18.538778,17.675917,23.214312,23.214312,23.214312,23.195547,23.195547,15.397032,15.397032,15.397032
TX-CR-3,9.369658,9.33511,9.33511,50.61778,44.68827,44.68827,0.0,0.0,0.0,0.0,9.975337,9.975337,17.64052,21.573692,25.946983,23.391788,14.519637,13.683645,26.603086,24.532646,19.404198,19.404198,19.404198,19.404198,15.401699,16.64029,16.64029,10.349001,10.349001,17.563152,17.563152,14.798437,9.00741,9.00741,15.592816,11.08782,27.405264,27.405264,27.405264,27.405264,10.304738,10.304738,10.304738,12.258393,29.908619,29.908619,14.946798,14.946798,14.946798,14.293816,14.293816,23.097637,21.393597,13.734327,31.68468,32.057766,12.69827,13.989516,13.989516,15.54058,10.429356,10.429356,10.19413,10.19413,16.541567,16.371618,15.996553,17.388643,12.662077,12.662077,9.790489,13.248917,12.828954,13.248917,13.248917,13.761351,13.761351,14.209997,14.209997,10.613529,10.613529,10.4802,15.165991,15.165991,15.222542,15.222542,15.222542,11.15556,13.6846075,13.6846075,12.992513,17.498468,18.224539,39.20659,39.20659,39.20659,14.916094,15.952772,25.287033,11.839253,9.11184,9.064716,9.6488495,9.003801,9.003801,9.003801,18.25501,11.73112,10.913557,12.64397,11.69238,50.627205,50.627205,28.427847,29.916325,12.864702,12.864702,12.616576,14.622429,22.145288,16.645584,12.224741,13.201544,13.201544,13.554048,19.234941,15.569142,19.702667,18.538778,17.675917,23.214312,23.214312,23.214312,23.195547,23.195547,15.397032,15.397032,15.397032
TX-CR-4,9.369658,9.33511,9.33511,50.61778,44.68827,44.68827,0.0,0.0,0.0,0.0,9.975337,9.975337,17.64052,21.573692,25.946983,23.391788,14.519637,13.683645,26.603086,24.532646,19.404198,19.404198,19.404198,19.404198,15.401699,16.64029,16.64029,10.349001,10.349001,17.563152,17.563152,14.798437,9.00741,9.00741,15.592816,11.08782,27.405264,27.405264,27.405264,27.405264,10.304738,10.304738,10.304738,12.258393,29.908619,29.908619,14.946798,14.946798,14.946798,14.293816,14.293816,23.097637,21.393597,13.734327,31.68468,32.057766,12.69827,13.989516,13.989516,15.54058,10.429356,10.429356,10.19413,10.19413,16.541567,16.371618,15.996553,17.388643,12.662077,12.662077,9.790489,13.248917,12.828954,13.248917,13.248917,13.761351,13.761351,14.209997,14.209997,10.613529,10.613529,10.4802,15.165991,15.165991,15.222542,15.222542,15.222542,11.15556,13.6846075,13.6846075,12.992513,17.498468,18.224539,39.20659,39.20659,39.20659,14.916094,15.952772,25.287033,11.839253,9.11184,9.064716,9.6488495,9.003801,9.003801,9.003801,18.25501,11.73112,10.913557,12.64397,11.69238,50.627205,50.627205,28.427847,29.916325,12.864702,12.864702,12.616576,14.622429,22.145288,16.645584,12.224741,13.201544,13.201544,13.554048,19.234941,15.569142,19.702667,18.538778,17.675917,23.214312,23.214312,23.214312,23.195547,23.195547,15.397032,15.397032,15.397032
TX-CR-5,9.369658,9.33511,9.33511,50.61778,44.68827,44.68827,0.0,0.0,0.0,0.0,9.975337,9.975337,17.64052,21.573692,25.946983,23.391788,14.519637,13.683645,26.603086,24.532646,19.404198,19.404198,19.404198,19.404198,15.401699,16.64029,16.64029,10.349001,10.349001,17.563152,17.563152,14.798437,9.00741,9.00741,15.592816,11.08782,27.405264,27.405264,27.405264,27.405264,10.304738,10.304738,10.304738,12.258393,29.908619,29.908619,14.946798,14.946798,14.946798,14.293816,14.293816,23.097637,21.393597,13.734327,31.68468,32.057766,12.69827,13.989516,13.989516,15.54058,10.429356,10.429356,10.19413,10.19413,16.541567,16.371618,15.996553,17.388643,12.662077,12.662077,9.790489,13.248917,12.828954,13.248917,13.248917,13.761351,13.761351,14.209997,14.209997,10.613529,10.613529,10.4802,15.165991,15.165991,15.222542,15.222542,15.222542,11.15556,13.6846075,13.6846075,12.992513,17.498468,18.224539,39.20659,39.20659,39.20659,14.916094,15.952772,25.287033,11.839253,9.11184,9.064716,9.6488495,9.003801,9.003801,9.003801,18.25501,11.73112,10.913557,12.64397,11.69238,50.627205,50.627205,28.427847,29.916325,12.864702,12.864702,12.616576,14.622429,22.145288,16.645584,12.224741,13.201544,13.201544,13.554048,19.234941,15.569142,19.702667,18.538778,17.675917,23.214312,23.214312,23.214312,23.195547,23.195547,15.397032,15.397032,15.397032
TX-GCS-1,7.2587957,7.2258677,7.2258677,48.5488,41.649475,41.649475,9.975337,9.975337,9.975337,9.975337,0.0,0.0,9.477046,19.445383,23.718397,21.268562,12.314363,11.567183,24.484715,22.431076,17.29564,17.29564,17.29564,17.29564,13.287201,14.521839,14.521839,8.238258,8.238258,15.440623,15.440623,12.6808605,6.867784,6.867784,13.477033,8.990315,25.28168,25.28168,25.28168,25.28168,8.282581,8.282581,8.282581,10.149351,27.75274,27.75274,12.828809,12.828809,12.828809,12.178769,12.178769,20.986885,19.282543,11.617008,29.576698,29.959435,10.585701,11.870976,11.870976,13.422464,8.326411,8.326411,8.092303,8.092303,14.426755,14.257109,13.876989,15.273653,10.553554,10.553554,7.791191,11.136329,10.717819,11.136329,11.136329,11.642202,11.642202,12.090095,12.090095,8.554158,8.554158,8.380923,13.053076,13.053076,13.110872,13.110872,13.110872,9.089854,11.554601,11.554601,10.874376,15.370717,16.098234,37.1178,37.1178,37.1178,12.781006,13.841964,23.175106,9.732526,7.0006876,7.0275693,7.5560703,6.9030924,6.9030924,6.9030924,16.123104,9.570687,8.863416,10.572069,9.337084,48.55145,48.55145,26.314442,27.821274,10.717568,10.717568,10.507834,12.488379,19.899584,14.517806,10.080492,11.097193,11.097193,11.430804,17.107845,13.436457,17.57958,16.414438,15.554577,21.088745,21.088745,21.088745,21.068419,21.068419,13.275016,13.275016,13.275016
TX-GCS-2,7.2587957,7.2258677,7.2258677,48.5488,41.649475,41.649475,9.975337,9.975337,9.975337,9.975337,0.0,0.0,9.477046,19.445383,23.718397,21.268562,12.314363,11.567183,24.484715,22.431076,17.29564,17.29564,17.29564,17.29564,13.287201,14.521839,14.521839,8.238258,8.238258,15.440623,15.440623,12.6808605,6.867784,6.867784,13.477033,8.990315,25.28168,25.28168,25.28168,25.28168,8.282581,8.282581,8.282581,10.149351,27.75274,27.75274,12.828809,12.828809,12.828809,12.178769,12.178769,20.986885,19.282543,11.617008,29.576698,29.959435,10.585701,11.870976,11.870976,13.422464,8.326411,8.326411,8.092303,8.092303,14.426755,14.257109,13.876989,15.273653,10.553554,10.553554,7.791191,11.136329,10.717819,11.136329,11.136329,11.642202,11.642202,12.090095,12.090095,8.554158,8.554158,8.380923,13.053076,13.053076,13.110872,13.110872,13.110872,9.089854,11.554601,11.554601,10.874376,15.370717,16.098234,37.1178,37.1178,37.1178,12.781006,13.841964,23.175106,9.732526,7.0006876,7.0275693,7.5560703,6.9030924,6.9030924,6.9030924,16.123104,9.570687,8.863416,10.572069,9.337084,48.55145,48.55145,26.314442,27.821274,10.717568,10.717568,10.507834,12.488379,19.899584,14.517806,10.080492,11.097193,11.097193,11.430804,17.107845,13.436457,17.57958,16.414438,15.554577,21.088745,21.088745,21.088745,21.068419,21.068419,13.275016,13.275016,13.275016
TX-GCS-5,14.927089,14.892259,14.892259,56.39121,49.173553,49.173553,17.64052,17.64052,17.64052,17.64052,9.477046,9.477046,0.0,27.218884,31.584724,29.031647,20.128958,19.289932,32.291973,30.221056,25.05301,25.05301,25.05301,25.05301,21.02236,22.264858,22.264858,16.028315,16.028315,23.18762,23.18762,20.414185,14.726775,14.726775,21.21448,16.687849,33.08519,33.08519,33.08519,33.08519,15.980364,15.980364,15.980364,17.871323,35.601032,35.601032,20.563648,20.563648,20.563648,19.90814,19.90814,28.759207,27.05308,19.33696,37.411613,37.7939,18.302467,19.599802,19.599802,21.157137,15.992552,15.992552,15.756154,15.756154,22.166351,21.99715,21.616455,23.016853,18.272383,18.272383,15.445383,18.859877,18.441046,18.859877,18.859877,19.365416,19.365416,19.815456,19.815456,16.363125,16.363125,16.132204,20.792458,20.792458,20.851355,20.851355,20.851355,16.825733,19.271898,19.271898,18.583017,23.122246,23.849857,44.900883,44.900883,44.900883,20.508978,21.589478,30.959229,17.431099,14.789839,14.815625,15.310545,14.640799,14.640799,14.640799,23.868446,17.341043,16.561052,18.440966,17.425243,56.388123,56.388123,34.123524,35.599,18.48579,18.48579,18.224195,20.207188,27.8566,22.251787,17.839018,18.81851,18.81851,19.141657,24.871601,21.168837,25.342617,24.17432,23.312048,28.8709,28.8709,28.8709,28.851147,28.851147,21.007044,21.007044,21.007044
NC-CMSP-5,16.436977,16.396154,16.396154,60.632,53.284184,53.284184,21.573692,21.573692,21.573692,21.573692,19.445383,19.445383,27.218884,0.0,33.932285,31.40143,22.044765,21.795553,36.085743,34.026966,28.01396,28.01396,28.01396,28.01396,23.912233,25.189123,25.189123,18.413343,18.413343,26.059887,26.059887,23.244566,16.278374,16.278374,21.702845,19.265757,37.034645,37.034645,37.034645,37.034645,17.872343,17.872343,17.872343,19.852901,40.390076,40.390076,23.234991,23.234991,23.234991,22.761059,22.761059,31.81903,30.137018,22.498066,41.62681,42.02215,20.977875,22.435732,22.435732,23.607733,17.676628,17.676628,17.435263,17.435263,24.643373,24.838215,24.05562,25.805353,20.759232,20.759232,17.447865,21.665152,21.252398,21.665152,21.665152,22.065472,22.065472,22.42748,22.42748,18.234808,18.234808,18.1247,23.603125,23.603125,23.67674,23.67674,23.67674,18.861654,22.173935,22.173935,20.822071,26.022274,26.733488,47.93093,47.93093,47.93093,23.660648,23.876692,33.492,20.053246,16.405132,16.435211,17.055157,16.328173,16.328173,16.328173,27.502695,19.164873,18.396421,20.415058,19.463976,60.331276,60.331276,37.61175,38.22023,21.04045,21.04045,20.823973,23.746288,30.243881,25.881739,20.207832,21.216606,21.216606,21.860355,28.289957,24.523766,28.376709,27.229406,26.236149,32.2116,32.2116,32.2116,32.18139,32.18139,23.979557,23.979557,23.979557
TX-DP-2,20.968767,20.924938,20.924938,63.752373,57.38812,57.38812,25.946983,25.946983,25.946983,25.946983,23.718397,23.718397,31.584724,33.932285,0.0,16.965078,26.438194,25.581558,39.303123,37.236164,31.66719,31.66719,31.66719,31.66719,27.597345,28.847216,28.847216,22.34913,22.34913,29.494762,29.494762,26.914833,20.800714,20.800714,27.878815,23.173729,40.141464,40.141464,40.141464,40.141464,22.183586,22.183586,22.183586,24.136208,43.138844,43.138844,26.837044,26.837044,26.837044,26.17279,26.17279,35.372826,33.67585,25.969654,44.659348,45.04338,24.843773,25.864859,25.864859,27.422962,22.079653,22.079653,21.841938,21.841938,28.43859,28.506842,27.893192,29.228928,24.52996,24.52996,21.78336,25.33035,24.716208,25.33035,25.33035,25.842463,25.842463,26.145536,26.145536,22.648375,22.648375,22.53215,27.06893,27.06893,27.115496,27.115496,27.115496,23.160248,25.880938,25.880938,24.975098,29.73992,30.453321,51.539616,51.539616,51.539616,27.159603,28.028908,37.501373,23.923586,20.930302,20.958536,21.56668,20.860916,20.860916,20.860916,30.78374,23.623749,22.869062,24.724392,23.833113,63.627563,63.627563,40.999317,42.040333,24.744099,24.744099,24.492983,26.988997,34.110916,29.07038,21.44638,22.395418,22.395418,25.671434,31.658432,27.894459,31.98345,30.816772,29.956139,35.642628,35.642628,35.642628,35.62898,35.62898,27.574953,27.574953,27.574953
TX-DP-5,18.41478,18.381664,18.381664,61.228416,54.74492,54.74492,23.391788,23.391788,23.391788,23.391788,21.268562,21.268562,29.031647,31.40143,16.965078,0.0,23.882746,23.097372,36.79052,34.72166,29.135157,29.135157,29.135157,29.135157,25.062315,26.307568,26.307568,19.798468,19.798468,27.215256,27.215256,24.421776,18.245481,18.245481,25.353844,20.633608,37.633095,37.633095,37.633095,37.633095,19.626154,19.626154,19.626154,21.582079,40.644615,40.644615,24.280695,24.280695,24.280695,23.825037,23.825037,32.83846,31.144167,23.438147,42.152023,42.534252,22.245401,23.562511,23.562511,24.86771,19.524513,19.524513,19.286144,19.286144,25.884157,25.968964,25.533695,26.734173,22.03976,22.03976,19.227047,22.773582,22.39861,22.773582,22.773582,23.14828,23.14828,23.594843,23.594843,20.092018,20.092018,19.975895,24.514854,24.514854,24.558075,24.558075,24.558075,20.605303,23.342402,23.342402,22.435839,27.211834,27.92431,48.99536,48.99536,48.99536,24.627768,25.477808,34.957005,21.394722,18.374565,18.402065,19.009544,18.30522,18.30522,18.30522,28.261309,21.065838,20.310205,22.22617,21.27656,61.09956,61.09956,38.47487,39.603485,22.188105,22.188105,21.99399,24.468113,31.573715,26.551523,18.649494,19.648327,19.648327,23.141533,29.138777,25.371931,29.452938,28.287241,27.425318,33.11926,33.11926,33.11926,33.105408,33.105408,24.975212,24.975212,24.975212
CO-HM-1,9.889292,9.85441,9.85441,51.01209,45.74018,45.74018,14.519637,14.519637,14.519637,14.519637,12.314363,12.314363,20.128958,22.044765,26.438194,23.882746,0.0,14.173342,27.03911,24.969357,19.881313,19.881313,19.881313,19.881313,15.8828,17.120123,17.120123,10.9182,10.9182,18.052324,18.052324,15.286326,9.57573,9.57573,16.067034,11.579468,27.84911,27.84911,27.84911,27.84911,10.871176,10.871176,10.871176,12.744784,30.297173,30.297173,15.435585,15.435585,15.435585,14.782043,14.782043,23.579247,21.873453,14.214612,32.10185,32.47588,13.186431,14.4808655,14.4808655,16.034405,10.923985,10.923985,10.69575,10.69575,17.033382,16.86333,16.488863,17.882528,13.153053,13.153053,10.28157,13.742225,13.321656,13.742225,13.742225,14.251495,14.251495,14.70078,14.70078,11.222546,11.222546,11.116463,15.656429,15.656429,15.711849,15.711849,15.711849,11.699368,14.171191,14.171191,13.485485,17.980791,18.706717,39.677364,39.677364,39.677364,15.395638,16.439138,25.751781,12.33435,9.616154,9.725867,10.233738,9.542505,9.542505,9.542505,18.704708,12.183029,11.475518,13.175047,12.244728,51.036057,51.036057,28.880644,30.397017,13.354352,13.354352,13.101084,15.092061,22.603344,17.110546,12.718029,13.694176,13.694176,14.039172,19.703337,16.042223,20.18425,19.019526,18.154934,23.686428,23.686428,23.686428,23.665642,23.665642,15.882027,15.882027,15.882027
OH-WN-4,8.774052,8.737307,8.737307,52.68599,45.134174,45.134174,13.683645,13.683645,13.683645,13.683645,11.567183,11.567183,19.289932,21.795553,25.581558,23.097372,14.173342,0.0,27.722404,25.860996,19.723604,19.723604,19.723604,19.723604,15.280708,16.84308,16.84308,10.040088,10.040088,17.055336,17.055336,14.214554,8.564757,8.564757,16.040453,11.343217,29.165857,29.165857,29.165857,29.165857,9.992858,9.992858,9.992858,11.921434,32.616905,32.616905,14.438615,14.438615,14.438615,13.884378,13.884378,22.780542,21.313818,12.224563,33.750603,34.146763,12.117045,13.438671,13.438671,14.684173,9.912195,9.912195,9.673819,9.673819,15.986366,15.81392,15.28167,16.767527,12.079186,12.079186,9.553911,12.683585,12.354368,12.683585,12.683585,13.303781,13.303781,13.7545395,13.7545395,10.405105,10.405105,10.288121,14.55996,14.55996,14.7593565,14.7593565,14.7593565,10.939479,14.140798,14.140798,12.848854,17.76993,18.449476,38.950275,38.950275,38.950275,14.857001,15.81886,25.297205,11.985216,8.68353,8.712637,9.31696,8.60746,8.60746,8.60746,19.748644,11.364674,10.610213,12.529253,11.584237,52.36423,52.36423,29.559362,29.329885,12.066143,12.066143,12.318852,16.030056,21.497805,18.11695,12.174718,13.168394,13.168394,13.7751,20.200382,15.988774,19.82974,18.570854,17.850182,24.11312,24.11312,24.11312,23.806067,23.806067,14.856073,14.856073,14.856073
OH-CV-1,21.218702,21.171116,21.171116,67.579605,58.904472,58.904472,26.603086,26.603086,26.603086,26.603086,24.484715,24.484715,32.291973,36.085743,39.303123,36.79052,27.03911,27.722404,0.0,8.731529,34.015285,34.015285,34.015285,34.015285,29.923065,31.198267,31.198267,23.877321,23.877321,31.701965,31.701965,28.859001,21.088034,21.088034,30.58478,24.837254,44.875023,44.875023,44.875023,44.875023,23.010002,23.010002,23.010002,25.010622,48.825436,48.825436,29.68817,29.68817,29.68817,29.00378,29.00378,38.35682,36.745358,25.866377,49.397156,50.001312,27.521755,28.7291,28.7291,30.402803,22.61936,22.61936,22.377249,22.377249,31.096022,30.88637,30.384476,31.713871,27.242252,27.242252,22.52619,27.766405,27.343922,27.766405,27.766405,28.292624,28.292624,28.743515,28.743515,23.201311,23.201311,23.10104,29.719576,29.719576,29.805851,29.805851,29.805851,23.993298,27.766693,27.766693,26.070908,31.926052,32.62077,54.39947,54.39947,54.39947,30.205896,29.168179,38.88412,25.638018,21.212626,21.246305,21.877813,21.13336,21.13336,21.13336,33.68629,24.070793,23.280779,25.452652,24.498568,67.284195,67.284195,44.18365,44.470417,27.391338,27.391338,27.546951,30.715479,35.649803,33.27316,25.56736,26.583755,26.583755,27.592896,34.851788,30.336754,34.478,33.320656,32.47872,38.95167,38.95167,38.95167,38.898235,38.898235,30.02545,30.02545,30.02545
OH-CV-4,19.15373,19.111937,19.111937,65.5243,56.859974,56.859974,24.532646,24.532646,24.532646,24.532646,22.431076,22.431076,30.221056,34.026966,37.236164,34.72166,24.969357,25.860996,8.731529,0.0,31.96822,31.96822,31.96822,31.96822,27.877491,29.147871,29.147871,21.842693,21.842693,29.640516,29.640516,26.801981,19.038382,19.038382,28.53905,22.784029,42.848488,42.848488,42.848488,42.848488,20.927416,20.927416,20.927416,22.94899,46.804653,46.804653,27.635698,27.635698,27.635698,26.953499,26.953499,36.29596,34.69601,23.881762,47.55879,47.98826,25.474052,26.67832,26.67832,28.347078,20.570507,20.570507,20.32971,20.32971,29.043015,28.833427,28.330013,29.657076,25.196123,25.196123,20.469908,25.720419,25.298166,25.720419,25.720419,26.243906,26.243906,26.692848,26.692848,21.143942,21.143942,21.044176,27.669931,27.669931,27.75567,27.75567,27.75567,21.933264,25.71335,25.71335,24.017967,29.868603,30.551815,52.35724,52.35724,52.35724,27.948788,27.1121,36.821083,23.581888,19.159645,19.1976,19.833504,19.078289,19.078289,19.078289,31.648796,22.007086,21.212477,23.382063,22.431793,64.86891,64.86891,42.132,42.416855,25.343811,25.343811,25.501038,28.693504,33.585247,31.185562,23.519016,24.532587,24.532587,25.536787,33.020405,28.41871,32.423615,31.281136,30.415157,36.89964,36.89964,36.89964,36.847385,36.847385,27.974064,27.974064,27.974064
AL-OM-1,14.36805,14.330258,14.330258,58.630863,51.114468,51.114468,19.404198,19.404198,19.404198,19.404198,17.29564,17.29564,25.05301,28.01396,31.66719,29.135157,19.881313,19.723604,34.015285,31.96822,0.0,0.0,0.0,0.0,17.571285,18.847122,18.847122,16.20707,16.20707,23.742695,23.742695,20.938625,14.204581,14.204581,22.21749,14.883677,34.98754,34.98754,34.98754,34.98754,15.664367,15.664367,15.664367,17.624054,38.390957,38.390957,20.863926,20.863926,20.863926,20.233679,20.233679,29.54228,27.86687,20.338133,39.60353,39.999165,18.849228,19.412487,19.412487,20.806519,15.517715,15.517715,15.279465,15.279465,21.9224,21.802238,21.528215,22.722776,18.03593,18.03593,15.249701,19.407488,18.186312,19.407488,19.407488,19.101799,19.101799,20.26538,20.26538,16.088703,16.088703,15.975244,20.524662,20.524662,20.648857,20.648857,20.648857,16.644413,19.913427,19.913427,18.542395,22.209436,22.988218,45.67136,45.67136,45.67136,21.428265,21.614431,31.189283,14.904329,14.330378,14.360373,14.972326,14.257515,14.257515,14.257515,25.453259,17.047468,16.286306,18.238384,17.289997,58.27581,58.27581,35.49849,35.525932,18.166903,18.166903,18.043694,21.633814,27.98364,23.812565,17.9514,18.951628,18.951628,19.732641,26.159473,22.377266,25.969852,25.064835,23.957687,30.055733,30.055733,30.055733,30.046658,30.046658,21.530977,21.530977,21.530977
AL-OM-2,14.36805,14.330258,14.330258,58.630863,51.114468,51.114468,19.404198,19.404198,19.404198,19.404198,17.29564,17.29564,25.05301,28.01396,31.66719,29.135157,19.881313,19.723604,34.015285,31.96822,0.0,0.0,0.0,0.0,17.571285,18.847122,18.847122,16.20707,16.20707,23.742695,23.742695,20.938625,14.204581,14.204581,22.21749,14.883677,34.98754,34.98754,34.98754,34.98754,15.664367,15.664367,15.664367,17.624054,38.390957,38.390957,20.863926,20.863926,20.863926,20.233679,20.233679,29.54228,27.86687,20.338133,39.60353,39.999165,18.849228,19.412487,19.412487,20.806519,15.517715,15.517715,15.279465,15.279465,21.9224,21.802238,21.528215,22.722776,18.03593,18.03593,15.249701,19.407488,18.186312,19.407488,19.407488,19.101799,19.101799,20.26538,20.26538,16.088703,16.088703,15.975244,20.524662,20.524662,20.648857,20.648857,20.648857,16.644413,19.913427,19.913427,18.542395,22.209436,22.988218,45.67136,45.67136,45.67136,21.428265,21.614431,31.189283,14.904329,14.330378,14.360373,14.972326,14.257515,14.257515,14.257515,25.453259,17.047468,16.286306,18.238384,17.289997,58.27581,58.27581,35.49849,35.525932,18.166903,18.166903,18.043694,21.633814,27.98364,23.812565,17.9514,18.951628,18.951628,19.732641,26.159473,22.377266,25.969852,25.064835,23.957687,30.055733,30.055733,30.055733,30.046658,30.046658,21.530977,21.530977,21.530977
AL-OM-4,14.36805,14.330258,14.330258,58.630863,51.114468,51.114468,19.404198,19.404198,19.404198,19.404198,17.29564,17.29564,25.05301,28.01396,31.66719,29.135157,19.881313,19.723604,34.015285,31.96822,0.0,0.0,0.0,0.0,17.571285,18.847122,18.847122,16.20707,16.20707,23.742695,23.742695,20.938625,14.204581,14.204581,22.21749,14.883677,34.98754,34.98754,34.98754,34.98754,15.664367,15.664367,15.664367,17.624054,38.390957,38.390957,20.863926,20.863926,20.863926,20.233679,20.233679,29.54228,27.86687,20.338133,39.60353,39.999165,18.849228,19.412487,19.412487,20.806519,15.517715,15.517715,15.279465,15.279465,21.9224,21.802238,21.528215,22.722776,18.03593,18.03593,15.249701,19.407488,18.186312,19.407488,19.407488,19.101799,19.101799,20.26538,20.26538,16.088703,16.088703,15.975244,20.524662,20.524662,20.648857,20.648857,20.648857,16.644413,19.913427,19.913427,18.542395,22.209436,22.988218,45.67136,45.67136,45.67136,21.428265,21.614431,31.189283,14.904329,14.330378,14.360373,14.972326,14.257515,14.257515,14.257515,25.453259,17.047468,16.286306,18.238384,17.289997,58.27581,58.27581,35.49849,35.525932,18.166903,18.166903,18.043694,21.633814,27.98364,23.812565,17.9514,18.951628,18.951628,19.732641,26.159473,22.377266,25.969852,25.064835,23.957687,30.055733,30.055733,30.055733,30.046658,30.046658,21.530977,21.530977,21.530977
AL-OM-5,14.36805,14.330258,14.330258,58.630863,51.114468,51.114468,19.404198,19.404198,19.404198,19.404198,17.29564,17.29564,25.05301,28.01396,31.66719,29.135157,19.881313,19.723604,34.015285,31.96822,0.0,0.0,0.0,0.0,17.571285,18.847122,18.847122,16.20707,16.20707,23.742695,23.742695,20.938625,14.204581,14.204581,22.21749,14.883677,34.98754,34.98754,34.98754,34.98754,15.664367,15.664367,15.664367,17.624054,38.390957,38.390957,20.863926,20.863926,20.863926,20.233679,20.233679,29.54228,27.86687,20.338133,39.60353,39.999165,18.849228,19.412487,19.412487,20.806519,15.517715,15.517715,15.279465,15.279465,21.9224,21.802238,21.528215,22.722776,18.03593,18.03593,15.249701,19.407488,18.186312,19.407488,19.407488,19.101799,19.101799,20.26538,20.26538,16.088703,16.088703,15.975244,20.524662,20.524662,20.648857,20.648857,20.648857,16.644413,19.913427,19.913427,18.542395,22.209436,22.988218,45.67136,45.67136,45.67136,21.428265,21.614431,31.189283,14.904329,14.330378,14.360373,14.972326,14.257515,14.257515,14.257515,25.453259,17.047468,16.286306,18.238384,17.289997,58.27581,58.27581,35.49849,35.525932,18.166903,18.166903,18.043694,21.633814,27.98364,23.812565,17.9514,18.951628,18.951628,19.732641,26.159473,22.377266,25.969852,25.064835,23.957687,30.055733,30.055733,30.055733,30.046658,30.046658,21.530977,21.530977,21.530977
AL-TIH-1,10.415938,10.383511,10.383511,54.45473,46.914368,46.914368,15.401699,15.401699,15.401699,15.401699,13.287201,13.287201,21.02236,23.912233,27.597345,25.062315,15.8828,15.280708,29.923065,27.877491,17.571285,17.571285,17.571285,17.571285,0.0,5.129369,5.129369,12.075709,12.075709,19.602201,19.602201,16.025509,10.22201,10.22201,18.216839,11.852434,30.895845,30.895845,30.895845,30.895845,11.713164,11.713164,11.713164,13.656653,34.311703,34.311703,16.67208,16.67208,16.67208,15.968171,15.968171,24.858824,23.1648,16.17794,35.493263,35.886513,14.284318,15.320812,15.320812,17.100636,11.581914,11.581914,11.342625,11.342625,18.074139,17.699583,17.569279,18.679642,13.982715,13.982715,11.273041,15.245026,14.869381,15.245026,15.245026,15.141428,15.141428,15.873748,15.873748,12.103413,12.103413,11.989407,16.715986,16.715986,16.49811,16.49811,16.49811,12.66558,15.942811,15.942811,14.599258,17.803438,18.528173,41.713696,41.713696,41.713696,17.34546,17.587807,27.076468,11.97149,10.343578,10.373148,10.983081,10.266965,10.266965,10.266965,21.482542,13.049958,12.290049,14.243881,13.299391,54.138767,54.138767,31.394705,31.438326,14.15958,14.15958,14.56705,17.73452,23.948452,19.820936,13.962969,14.9618635,14.9618635,15.603203,22.086264,18.269054,21.786118,20.66307,19.671574,25.964682,25.964682,25.964682,25.943377,25.943377,17.078396,17.078396,17.078396
AL-TIH-3,11.63979,11.600407,11.600407,55.754147,48.172234,48.172234,16.64029,16.64029,16.64029,16.64029,14.521839,14.521839,22.264858,25.189123,28.847216,26.307568,17.120123,16.84308,31.198267,29.147871,18.847122,18.847122,18.847122,18.847122,5.129369,0.0,0.0,13.246297,13.246297,20.91156,20.91156,18.156963,11.452286,11.452286,19.370876,13.043076,32.186573,32.186573,32.186573,32.186573,12.932946,12.932946,12.932946,14.8882065,35.611267,35.611267,17.915699,17.915699,17.915699,17.32926,17.32926,26.49852,24.809574,17.515482,36.782524,37.17842,15.566915,16.60686,16.60686,18.249706,12.804424,12.804424,12.56335,12.56335,19.023684,19.341131,18.717148,19.862686,15.262401,15.262401,12.505156,16.010424,15.946157,16.010424,16.010424,16.741869,16.741869,17.294025,17.294025,13.335175,13.335175,13.220683,18.072895,18.072895,18.343931,18.343931,18.343931,13.898414,17.17943,17.17943,15.829884,18.760414,19.736893,42.44999,42.44999,42.44999,18.239824,18.832567,28.330406,13.219379,11.575285,11.605225,12.215978,11.499457,11.499457,11.499457,22.710733,14.285211,13.524706,15.481178,14.533974,55.423485,55.423485,32.670155,32.7091,15.439976,15.439976,15.452022,19.001575,25.192286,21.10143,15.193573,16.194595,16.194595,17.028242,23.228477,19.63152,23.370594,21.93086,21.224176,27.24047,27.24047,27.24047,27.211843,27.211843,18.290417,18.290417,18.290417
AL-TIH-4,11.63979,11.600407,11.600407,55.754147,48.172234,48.172234,16.64029,16.64029,16.64029,16.64029,14.521839,14.521839,22.264858,25.189123,28.847216,26.307568,17.120123,16.84308,31.198267,29.147871,18.847122,18.847122,18.847122,18.847122,5.129369,0.0,0.0,13.246297,13.246297,20.91156,20.91156,18.156963,11.452286,11.452286,19.370876,13.043076,32.186573,32.186573,32.186573,32.186573,12.932946,12.932946,12.932946,14.8882065,35.611267,35.611267,17.915699,17.915699,17.915699,17.32926,17.32926,26.49852,24.809574,17.515482,36.782524,37.17842,15.566915,16.60686,16.60686,18.249706,12.804424,12.804424,12.56335,12.56335,19.023684,19.341131,18.717148,19.862686,15.262401,15.262401,12.505156,16.010424,15.946157,16.010424,16.010424,16.741869,16.741869,17.294025,17.294025,13.335175,13.335175,13.220683,18.072895,18.072895,18.343931,18.343931,18.343931,13.898414,17.17943,17.17943,15.829884,18.760414,19.736893,42.44999,42.44999,42.44999,18.239824,18.832567,28.330406,13.219379,11.575285,11.605225,12.215978,11.499457,11.499457,11.499457,22.710733,14.285211,13.524706,15.481178,14.533974,55.423485,55.423485,32.670155,32.7091,15.439976,15.439976,15.452022,19.001575,25.192286,21.10143,15.193573,16.194595,16.194595,17.028242,23.228477,19.63152,23.370594,21.93086,21.224176,27.24047,27.24047,27.24047,27.211843,27.211843,18.290417,18.290417,18.290417
KY-RR-2,5.5867944,5.550945,5.550945,48.270252,41.753372,41.753372,10.349001,10.349001,10.349001,10.349001,8.238258,8.238258,16.028315,18.413343,22.34913,19.798468,10.9182,10.040088,23.877321,21.842693,16.20707,16.20707,16.20707,16.20707,12.075709,13.246297,13.246297,0.0,0.0,14.208636,14.208636,11.121697,5.358314,5.358314,12.536761,7.8630414,24.75084,24.75084,24.75084,24.75084,6.738203,6.738203,6.738203,8.595104,27.850082,27.850082,11.316272,11.316272,11.316272,10.654504,10.654504,19.73353,18.123438,10.67168,29.250069,29.6348,9.145526,10.155779,10.155779,11.554369,6.6964173,6.6964173,6.4666066,6.4666066,12.740661,12.76361,12.388271,13.53758,8.96633,8.96633,6.2608476,9.331348,8.9127655,9.331348,9.331348,10.290613,10.290613,10.537923,10.537923,6.8361073,6.8361073,6.833099,11.074584,11.074584,11.123026,11.123026,11.123026,7.550313,10.522996,10.522996,9.538005,14.318209,15.039829,35.90713,35.90713,35.90713,11.838431,11.909002,21.83463,8.634323,5.4714217,5.5010934,6.0975084,5.395681,5.395681,5.395681,15.553086,8.121863,7.375651,8.927881,8.293805,48.123745,48.123745,25.516314,26.418905,8.985418,8.985418,9.408221,11.791599,18.076262,13.801202,8.519766,9.279213,9.279213,10.359512,16.259718,12.581779,16.507574,15.226317,14.369238,20.185673,20.185673,20.185673,20.167982,20.167982,11.996994,11.996994,11.996994
KY-RR-5,5.5867944,5.550945,5.550945,48.270252,41.753372,41.753372,10.349001,10.349001,10.349001,10.349001,8.238258,8.238258,16.028315,18.413343,22.34913,19.798468,10.9182,10.040088,23.877321,21.842693,16.20707,16.20707,16.20707,16.20707,12.075709,13.246297,13.246297,0.0,0.0,14.208636,14.208636,11.121697,5.358314,5.358314,12.536761,7.8630414,24.75084,24.75084,24.75084,24.75084,6.738203,6.738203,6.738203,8.595104,27.850082,27.850082,11.316272,11.316272,11.316272,10.654504,10.654504,19.73353,18.123438,10.67168,29.250069,29.6348,9.145526,10.155779,10.155779,11.554369,6.6964173,6.6964173,6.4666066,6.4666066,12.740661,12.76361,12.388271,13.53758,8.96633,8.96633,6.2608476,9.331348,8.9127655,9.331348,9.331348,10.290613,10.290613,10.537923,10.537923,6.8361073,6.8361073,6.833099,11.074584,11.074584,11.123026,11.123026,11.123026,7.550313,10.522996,10.522996,9.538005,14.318209,15.039829,35.90713,35.90713,35.90713,11.838431,11.909002,21.83463,8.634323,5.4714217,5.5010934,6.0975084,5.395681,5.395681,5.395681,15.553086,8.121863,7.375651,8.927881,8.293805,48.123745,48.123745,25.516314,26.418905,8.985418,8.985418,9.408221,11.791599,18.076262,13.801202,8.519766,9.279213,9.279213,10.359512,16.259718,12.581779,16.507574,15.226317,14.369238,20.185673,20.185673,20.185673,20.167982,20.167982,11.996994,11.996994,11.996994
