,NC-GSM-2,NC-GSM-4,NC-GSM-5,TX-LL-2,TX-MC-1,TX-MC-3,TX-CR-1,TX-CR-3,TX-CR-4,TX-CR-5,TX-GCS-1,TX-GCS-2,TX-GCS-5,NC-CMSP-5,TX-DP-2,TX-DP-5,CO-HM-1,OH-WN-4,OH-CV-1,OH-CV-4,AL-OM-1,AL-OM-2,AL-OM-4,AL-OM-5,AL-TIH-1,AL-TIH-3,AL-TIH-4,KY-RR-2,KY-RR-5,NY-BM-1,NY-BM-2,NY-BM-5,TX-CB-2,TX-CB-4,SC-AJ-2,AL-CSP-3,DE-WC-1,DE-WC-2,DE-WC-3,DE-WC-5,PA-BE-2,PA-BE-3,PA-BE-4,PA-SGL-2,MD-SERC-1,MD-SERC-3,MN-BR-1,MN-BR-2,MN-BR-3,MN-BR-4,MN-BR-5,MN-MS-3,MN-MS-5,OH-MSF-2,PA-RC-2,PA-RC-3,IN-SS-1,SD-AS-2,SD-AS-3,IL-CL-2,GA-CNF-1,GA-CNF-2,GA-CNF-4,GA-CNF-5,SD-OL-3,SD-OL-4,IL-KS-1,SD-LH-1,SD-SS-1,SD-SS-2,WA-SB-4,ND-KS-1,ND-KS-2,ND-KS-3,ND-KS-4,ND-AN-1,ND-AN-2,ND-AN-4,ND-AN-5,ND-WL-1,ND-WL-2,ND-WL-5,ND-LL-1,ND-LL-2,ND-LL-3,ND-LL-4,ND-LL-5,ND-LI-5,ND-LN-4,ND-LN-5,ND-LZ-5,AL-BN-2,AL-BN-4,TN-WR-2,TN-WR-4,TN-WR-5,IN-WM-5,TN-CS-1,GA-RT-4,AL-TN-2,WY-TB-2,WY-TB-3,MT-CG-3,MT-PC-1,MT-PC-3,MT-PC-4,MI-PR-2,WY-BH-4,WY-BH-5,SD-BH-2,SD-BH-5,MN-CF-1,MN-CF-2,MN-LR-5,IA-RR-4,IA-CS-4,IA-CS-5,TX-SH-2,FL-WP-3,KS-MS-2,FL-BS-3,TX-MN-2,TX-MN-4,TX-MN-5,LA-HN-5,MN-SD-5,MN-RR-3,LA-LO-1,LA-LO-2,LA-LO-3,LA-AN-1,LA-AN-2,LA-AN-3,LA-AN-4,LA-AN-5,MN-MH-3,MN-MH-4,MN-MH-5
NC-GSM-2,0.0,0.6086693,1.652402,56.174828,48.603622,48.603622,20.389149,20.389149,20.389149,20.389149,15.405543,15.405543,15.405543,27.537989,35.225334,35.225334,30.478804,17.322378,32.911873,32.911873,22.895014,22.895014,22.895014,22.895014,18.33135,21.374159,21.374159,11.362421,11.362421,29.392447,23.529194,23.529194,9.433687,9.433687,22.812248,13.151686,38.311726,38.311726,38.311726,38.311726,11.462158,11.462158,11.462158,16.753206,40.650814,33.719627,34.701973,36.206707,36.206707,36.206707,36.206707,32.933228,32.933228,25.485203,43.039062,41.526512,28.027958,37.44823,37.44823,39.04572,6.9908924,6.9908924,6.6760545,6.6760545,38.854565,38.602676,33.594578,39.6066,37.533165,37.533165,35.115658,37.67659,37.27635,37.67659,37.67659,36.795586,36.795586,36.795586,37.401165,35.945362,35.945362,35.945362,34.38636,34.38636,34.38636,34.38636,34.38636,35.590294,38.6443,38.58676,38.157005,20.267572,23.902521,46.101067,46.101067,46.101067,32.744114,19.470274,28.042936,13.203885,24.465292,24.465292,20.078083,26.139412,26.139412,26.222916,11.636633,37.427063,37.427063,24.090408,24.090408,54.782566,54.782566,38.575584,44.64525,38.051163,38.051163,18.894934,26.662088,41.632088,18.814545,31.022942,31.022942,33.566433,13.216379,25.985815,14.9225025,16.819962,16.819962,16.819962,16.58954,16.58954,16.58954,16.58954,16.58954,35.653988,35.653988,35.653988
NC-GSM-4,0.6086693,0.0,1.2628518,56.119358,48.572376,48.572376,20.356739,20.356739,20.356739,20.356739,15.376416,15.376416,15.376416,27.488585,35.188408,35.188408,30.406559,17.292358,32.881596,32.881596,22.890173,22.890173,22.890173,22.890173,18.315235,21.363281,21.363281,11.331643,11.331643,29.325272,23.482653,23.482653,9.386211,9.386211,22.739712,13.145137,38.25227,38.25227,38.25227,38.25227,11.449252,11.449252,11.449252,16.722376,40.61541,33.685513,34.662853,36.196835,36.196835,36.196835,36.196835,32.88774,32.88774,25.41259,42.962467,41.52866,27.922548,37.426285,37.426285,39.04835,7.016978,7.016978,6.6555524,6.6555524,38.777122,38.53444,33.569656,39.573307,37.50448,37.50448,35.092415,37.631783,37.269997,37.631783,37.631783,36.77697,36.77697,36.77697,37.348255,35.894676,35.894676,35.894676,34.399113,34.399113,34.399113,34.399113,34.399113,35.571766,38.53459,38.620514,38.08212,20.180641,23.869873,46.07903,46.07903,46.07903,32.70513,19.42306,28.029755,13.180204,24.433348,24.433348,20.056889,26.093542,26.093542,26.189762,11.613703,37.38115,37.38115,24.058758,24.058758,54.783367,54.783367,38.563198,44.588512,38.035614,38.035614,18.838097,26.638191,41.642345,18.802717,30.99572,30.99572,33.566143,13.149892,25.945925,14.899421,16.807423,16.807423,16.807423,16.550358,16.550358,16.550358,16.550358,16.550358,35.61475,35.61475,35.61475
NC-GSM-5,1.652402,1.2628518,0.0,56.99343,49.406364,49.406364,21.191587,21.191587,21.191587,21.191587,16.244638,16.244638,16.244638,28.339457,36.021584,36.021584,31.272228,18.139662,33.705242,33.705242,23.714941,23.714941,23.714941,23.714941,19.158724,22.197502,22.197502,12.180114,12.180114,30.187542,24.364159,24.364159,10.234029,10.234029,23.61505,14.007896,39.111145,39.111145,39.111145,39.111145,12.299711,12.299711,12.299711,17.550991,41.441673,34.515438,35.5056,37.019955,37.019955,37.019955,37.019955,33.776077,33.776077,26.304176,43.85672,42.36812,28.817741,38.281006,38.281006,39.850647,7.8189154,7.8189154,7.4360285,7.4360285,39.649364,39.40028,34.392494,40.39596,38.341408,38.341408,35.917908,38.44805,38.08702,38.44805,38.44805,37.619747,37.619747,37.619747,38.19838,36.77414,36.77414,36.77414,35.205322,35.205322,35.205322,35.205322,35.205322,36.38866,39.445564,39.443645,38.953846,21.068193,24.685848,46.952602,46.952602,46.952602,33.54231,20.290493,28.830751,14.032252,25.267662,25.267662,20.922577,26.940191,26.940191,27.018904,12.469161,38.21619,38.21619,24.895222,24.895222,55.592613,55.592613,39.373077,45.44687,38.87726,38.87726,19.719574,27.48849,42.438416,19.644598,31.829529,31.829529,34.375965,14.045361,26.767973,15.75588,17.657717,17.657717,17.657717,17.414593,17.414593,17.414593,17.414593,17.414593,36.453003,36.453003,36.453003
TX-LL-2,56.174828,56.119358,56.99343,0.0,100.59935,100.59935,70.02656,70.02656,70.02656,70.02656,64.30069,64.30069,64.30069,83.058235,88.22336,88.22336,81.739944,73.419716,97.78695,97.78695,80.47316,80.47316,80.47316,80.47316,75.45533,78.67979,78.67979,65.47202,65.47202,85.352974,79.08391,79.08391,57.45535,57.45535,80.40572,68.724625,101.86673,101.86673,101.86673,101.86673,63.38347,63.38347,63.38347,68.81111,103.65848,96.219475,94.249245,96.2362,96.2362,96.2362,96.2362,91.508896,91.508896,87.85458,106.05753,104.72182,91.894424,98.48839,98.48839,100.42277,59.297104,59.297104,58.93673,58.93673,99.981094,100.717636,99.06688,101.0961,98.57481,98.57481,88.47071,99.409515,98.79718,99.409515,99.409515,97.7535,97.7535,97.7535,98.34322,100.40444,100.40444,100.40444,100.08736,100.08736,100.08736,100.08736,100.08736,100.06887,109.22218,109.57827,108.5838,77.77598,81.61931,108.68194,108.68194,108.68194,96.985466,72.359314,81.55833,69.22598,78.21265,78.21265,74.8999,84.63837,84.63837,84.65455,62.7036,95.25391,95.25391,79.8508,79.8508,116.08404,116.08404,99.595665,104.90925,98.495514,98.495514,78.647644,80.39153,103.60491,71.9354,85.568146,85.568146,88.6727,68.231255,82.26614,66.990105,72.28222,72.28222,72.28222,70.75186,70.75186,70.75186,70.75186,70.75186,100.34991,100.34991,100.34991
TX-MC-1,48.603622,48.572376,49.406364,100.59935,0.0,0.0,58.705902,58.705902,58.705902,58.705902,52.358738,52.358738,52.358738,69.867165,77.13997,77.13997,72.33459,59.03162,76.29371,76.29371,65.106,65.106,65.106,65.106,60.074852,63.240383,63.240383,52.749897,52.749897,71.57301,65.58343,65.58343,49.85588,49.85588,65.04683,54.67092,81.78597,81.78597,81.78597,81.78597,52.73853,52.73853,52.73853,58.14751,84.029976,76.89127,77.89309,79.46429,79.46429,79.46429,79.46429,75.91986,75.91986,68.084015,86.56894,85.03868,70.936584,80.973724,80.973724,82.61676,50.94927,50.94927,50.57596,50.57596,82.35509,82.105606,76.87913,83.17302,81.053444,81.053444,77.776634,81.128914,80.71475,81.128914,81.128914,80.26632,80.26632,80.26632,80.84725,79.01807,79.01807,79.01807,77.72654,77.72654,77.72654,77.72654,77.72654,78.59749,82.7971,82.82558,82.214836,62.141937,65.88565,89.365105,89.365105,89.365105,75.84029,62.037926,71.09269,54.652615,66.54998,66.54998,62.019947,68.47662,68.47662,68.5665,52.47495,80.3418,80.3418,65.68644,65.68644,98.624695,98.624695,82.06597,88.241585,81.44058,81.44058,60.923744,68.81536,85.17484,60.749035,73.3111,73.3111,76.035446,54.50693,68.58738,56.360947,58.53264,58.53264,58.53264,58.014442,58.014442,58.014442,58.014442,58.014442,79.06329,79.06329,79.06329
TX-MC-3,48.603622,48.572376,49.406364,100.59935,0.0,0.0,58.705902,58.705902,58.705902,58.705902,52.358738,52.358738,52.358738,69.867165,77.13997,77.13997,72.33459,59.03162,76.29371,76.29371,65.106,65.106,65.106,65.106,60.074852,63.240383,63.240383,52.749897,52.749897,71.57301,65.58343,65.58343,49.85588,49.85588,65.04683,54.67092,81.78597,81.78597,81.78597,81.78597,52.73853,52.73853,52.73853,58.14751,84.029976,76.89127,77.89309,79.46429,79.46429,79.46429,79.46429,75.91986,75.91986,68.084015,86.56894,85.03868,70.936584,80.973724,80.973724,82.61676,50.94927,50.94927,50.57596,50.57596,82.35509,82.105606,76.87913,83.17302,81.053444,81.053444,77.776634,81.128914,80.71475,81.128914,81.128914,80.26632,80.26632,80.26632,80.84725,79.01807,79.01807,79.01807,77.72654,77.72654,77.72654,77.72654,77.72654,78.59749,82.7971,82.82558,82.214836,62.141937,65.88565,89.365105,89.365105,89.365105,75.84029,62.037926,71.09269,54.652615,66.54998,66.54998,62.019947,68.47662,68.47662,68.5665,52.47495,80.3418,80.3418,65.68644,65.68644,98.624695,98.624695,82.06597,88.241585,81.44058,81.44058,60.923744,68.81536,85.17484,60.749035,73.3111,73.3111,76.035446,54.50693,68.58738,56.360947,58.53264,58.53264,58.53264,58.014442,58.014442,58.014442,58.014442,58.014442,79.06329,79.06329,79.06329
TX-CR-1,20.389149,20.356739,21.191587,70.02656,58.705902,58.705902,0.0,0.0,0.0,0.0,23.023897,23.023897,23.023897,40.614716,48.12204,48.12204,43.409103,30.049055,46.304203,46.304203,35.93206,35.93206,35.93206,35.93206,31.122469,34.248333,34.248333,23.879017,23.879017,42.37547,36.47404,36.47404,21.57008,21.57008,35.83587,25.74745,51.826626,51.826626,51.826626,51.826626,23.984276,23.984276,23.984276,29.398989,54.181393,47.156506,48.0831,49.62175,49.62175,49.62175,49.62175,46.26406,46.26406,38.65951,56.557724,55.052402,41.27533,50.96258,50.96258,52.55443,22.554672,22.554672,22.185373,22.185373,52.341965,52.087467,46.981018,53.11682,51.028946,51.028946,48.30438,51.14313,50.739693,51.14313,51.14313,50.28847,50.28847,50.28847,50.862103,49.29375,49.29375,49.29375,47.833824,47.833824,47.833824,47.833824,47.833824,48.894257,52.434444,52.435364,51.90736,33.102455,36.795094,59.54852,59.54852,59.54852,46.104534,33.135258,41.86726,25.753834,37.435097,37.435097,32.95364,39.179417,39.179417,39.25919,23.872162,50.683052,50.683052,36.86027,36.86027,68.3954,68.3954,52.101448,58.17248,51.504555,51.504555,31.762304,39.68151,55.1434,31.673302,44.0956,44.0956,46.73287,25.645245,39.10502,27.543695,29.576342,29.576342,29.576342,29.162222,29.162222,29.162222,29.162222,29.162222,49.127758,49.127758,49.127758
TX-CR-3,20.389149,20.356739,21.191587,70.02656,58.705902,58.705902,0.0,0.0,0.0,0.0,23.023897,23.023897,23.023897,40.614716,48.12204,48.12204,43.409103,30.049055,46.304203,46.304203,35.93206,35.93206,35.93206,35.93206,31.122469,34.248333,34.248333,23.879017,23.879017,42.37547,36.47404,36.47404,21.57008,21.57008,35.83587,25.74745,51.826626,51.826626,51.826626,51.826626,23.984276,23.984276,23.984276,29.398989,54.181393,47.156506,48.0831,49.62175,49.62175,49.62175,49.62175,46.26406,46.26406,38.65951,56.557724,55.052402,41.27533,50.96258,50.96258,52.55443,22.554672,22.554672,22.185373,22.185373,52.341965,52.087467,46.981018,53.11682,51.028946,51.028946,48.30438,51.14313,50.739693,51.14313,51.14313,50.28847,50.28847,50.28847,50.862103,49.29375,49.29375,49.29375,47.833824,47.833824,47.833824,47.833824,47.833824,48.894257,52.434444,52.435364,51.90736,33.102455,36.795094,59.54852,59.54852,59.54852,46.104534,33.135258,41.86726,25.753834,37.435097,37.435097,32.95364,39.179417,39.179417,39.25919,23.872162,50.683052,50.683052,36.86027,36.86027,68.3954,68.3954,52.101448,58.17248,51.504555,51.504555,31.762304,39.68151,55.1434,31.673302,44.0956,44.0956,46.73287,25.645245,39.10502,27.543695,29.576342,29.576342,29.576342,29.162222,29.162222,29.162222,29.162222,29.162222,49.127758,49.127758,49.127758
TX-CR-4,20.389149,20.356739,21.191587,70.02656,58.705902,58.705902,0.0,0.0,0.0,0.0,23.023897,23.023897,23.023897,40.614716,48.12204,48.12204,43.409103,30.049055,46.304203,46.304203,35.93206,35.93206,35.93206,35.93206,31.122469,34.248333,34.248333,23.879017,23.879017,42.37547,36.47404,36.47404,21.57008,21.57008,35.83587,25.74745,51.826626,51.826626,51.826626,51.826626,23.984276,23.984276,23.984276,29.398989,54.181393,47.156506,48.0831,49.62175,49.62175,49.62175,49.62175,46.26406,46.26406,38.65951,56.557724,55.052402,41.27533,50.96258,50.96258,52.55443,22.554672,22.554672,22.185373,22.185373,52.341965,52.087467,46.981018,53.11682,51.028946,51.028946,48.30438,51.14313,50.739693,51.14313,51.14313,50.28847,50.28847,50.28847,50.862103,49.29375,49.29375,49.29375,47.833824,47.833824,47.833824,47.833824,47.833824,48.894257,52.434444,52.435364,51.90736,33.102455,36.795094,59.54852,59.54852,59.54852,46.104534,33.135258,41.86726,25.753834,37.435097,37.435097,32.95364,39.179417,39.179417,39.25919,23.872162,50.683052,50.683052,36.86027,36.86027,68.3954,68.3954,52.101448,58.17248,51.504555,51.504555,31.762304,39.68151,55.1434,31.673302,44.0956,44.0956,46.73287,25.645245,39.10502,27.543695,29.576342,29.576342,29.576342,29.162222,29.162222,29.162222,29.162222,29.162222,49.127758,49.127758,49.127758
TX-CR-5,20.389149,20.356739,21.191587,70.02656,58.705902,58.705902,0.0,0.0,0.0,0.0,23.023897,23.023897,23.023897,40.614716,48.12204,48.12204,43.409103,30.049055,46.304203,46.304203,35.93206,35.93206,35.93206,35.93206,31.122469,34.248333,34.248333,23.879017,23.879017,42.37547,36.47404,36.47404,21.57008,21.57008,35.83587,25.74745,51.826626,51.826626,51.826626,51.826626,23.984276,23.984276,23.984276,29.398989,54.181393,47.156506,48.0831,49.62175,49.62175,49.62175,49.62175,46.26406,46.26406,38.65951,56.557724,55.052402,41.27533,50.96258,50.96258,52.55443,22.554672,22.554672,22.185373,22.185373,52.341965,52.087467,46.981018,53.11682,51.028946,51.028946,48.30438,51.14313,50.739693,51.14313,51.14313,50.28847,50.28847,50.28847,50.862103,49.29375,49.29375,49.29375,47.833824,47.833824,47.833824,47.833824,47.833824,48.894257,52.434444,52.435364,51.90736,33.102455,36.795094,59.54852,59.54852,59.54852,46.104534,33.135258,41.86726,25.753834,37.435097,37.435097,32.95364,39.179417,39.179417,39.25919,23.872162,50.683052,50.683052,36.86027,36.86027,68.3954,68.3954,52.101448,58.17248,51.504555,51.504555,31.762304,39.68151,55.1434,31.673302,44.0956,44.0956,46.73287,25.645245,39.10502,27.543695,29.576342,29.576342,29.576342,29.162222,29.162222,29.162222,29.162222,29.162222,49.127758,49.127758,49.127758
TX-GCS-1,15.405543,15.376416,16.244638,64.30069,52.358738,52.358738,23.023897,23.023897,23.023897,23.023897,0.0,0.0,0.0,35.254036,42.621784,42.621784,38.14094,24.807562,40.746338,40.746338,30.59599,30.59599,30.59599,30.59599,25.884434,28.975634,28.975634,18.730867,18.730867,37.030743,31.164158,31.164158,16.57491,16.57491,30.473345,20.57269,46.23792,46.23792,46.23792,46.23792,18.850872,18.850872,18.850872,24.195747,48.58601,41.61884,42.569363,44.090057,44.090057,44.090057,44.090057,40.788586,40.788586,33.218445,50.974358,49.47961,35.793034,45.3827,45.3827,46.958958,17.573555,17.573555,17.193424,17.193424,46.754498,46.502098,41.43663,47.51985,45.444633,45.444633,42.89339,45.57029,45.170033,45.57029,45.57029,44.711254,44.711254,44.711254,45.28756,43.790928,43.790928,43.790928,42.281418,42.281418,42.281418,42.281418,42.281418,43.401512,46.686306,46.693695,46.204487,27.818861,31.481256,54.045063,54.045063,54.045063,40.572006,27.89232,36.519638,20.587885,32.12609,32.12609,27.662998,33.811283,33.811283,33.890293,18.866302,45.231716,45.231716,31.637188,31.637188,62.7904,62.7904,46.525,52.58308,45.94592,45.94592,26.42146,34.325016,49.557865,26.37541,38.62823,38.62823,41.260635,20.530197,33.691837,22.397783,24.350985,24.350985,24.350985,24.031404,24.031404,24.031404,24.031404,24.031404,43.55102,43.55102,43.55102
TX-GCS-2,15.405543,15.376416,16.244638,64.30069,52.358738,52.358738,23.023897,23.023897,23.023897,23.023897,0.0,0.0,0.0,35.254036,42.621784,42.621784,38.14094,24.807562,40.746338,40.746338,30.59599,30.59599,30.59599,30.59599,25.884434,28.975634,28.975634,18.730867,18.730867,37.030743,31.164158,31.164158,16.57491,16.57491,30.473345,20.57269,46.23792,46.23792,46.23792,46.23792,18.850872,18.850872,18.850872,24.195747,48.58601,41.61884,42.569363,44.090057,44.090057,44.090057,44.090057,40.788586,40.788586,33.218445,50.974358,49.47961,35.793034,45.3827,45.3827,46.958958,17.573555,17.573555,17.193424,17.193424,46.754498,46.502098,41.43663,47.51985,45.444633,45.444633,42.89339,45.57029,45.170033,45.57029,45.57029,44.711254,44.711254,44.711254,45.28756,43.790928,43.790928,43.790928,42.281418,42.281418,42.281418,42.281418,42.281418,43.401512,46.686306,46.693695,46.204487,27.818861,31.481256,54.045063,54.045063,54.045063,40.572006,27.89232,36.519638,20.587885,32.12609,32.12609,27.662998,33.811283,33.811283,33.890293,18.866302,45.231716,45.231716,31.637188,31.637188,62.7904,62.7904,46.525,52.58308,45.94592,45.94592,26.42146,34.325016,49.557865,26.37541,38.62823,38.62823,41.260635,20.530197,33.691837,22.397783,24.350985,24.350985,24.350985,24.031404,24.031404,24.031404,24.031404,24.031404,43.55102,43.55102,43.55102
TX-GCS-5,15.405543,15.376416,16.244638,64.30069,52.358738,52.358738,23.023897,23.023897,23.023897,23.023897,0.0,0.0,0.0,35.254036,42.621784,42.621784,38.14094,24.807562,40.746338,40.746338,30.59599,30.59599,30.59599,30.59599,25.884434,28.975634,28.975634,18.730867,18.730867,37.030743,31.164158,31.164158,16.57491,16.57491,30.473345,20.57269,46.23792,46.23792,46.23792,46.23792,18.850872,18.850872,18.850872,24.195747,48.58601,41.61884,42.569363,44.090057,44.090057,44.090057,44.090057,40.788586,40.788586,33.218445,50.974358,49.47961,35.793034,45.3827,45.3827,46.958958,17.573555,17.573555,17.193424,17.193424,46.754498,46.502098,41.43663,47.51985,45.444633,45.444633,42.89339,45.57029,45.170033,45.57029,45.57029,44.711254,44.711254,44.711254,45.28756,43.790928,43.790928,43.790928,42.281418,42.281418,42.281418,42.281418,42.281418,43.401512,46.686306,46.693695,46.204487,27.818861,31.481256,54.045063,54.045063,54.045063,40.572006,27.89232,36.519638,20.587885,32.12609,32.12609,27.662998,33.811283,33.811283,33.890293,18.866302,45.231716,45.231716,31.637188,31.637188,62.7904,62.7904,46.525,52.58308,45.94592,45.94592,26.42146,34.325016,49.557865,26.37541,38.62823,38.62823,41.260635,20.530197,33.691837,22.397783,24.350985,24.350985,24.350985,24.031404,24.031404,24.031404,24.031404,24.031404,43.55102,43.55102,43.55102
NC-CMSP-5,27.537989,27.488585,28.339457,83.058235,69.867165,69.867165,40.614716,40.614716,40.614716,40.614716,35.254036,35.254036,35.254036,0.0,57.35506,57.35506,51.535492,40.44232,58.75663,58.75663,46.3726,46.3726,46.3726,46.3726,41.290806,44.43525,44.43525,33.448425,33.448425,52.895382,46.910835,46.910835,28.769665,28.769665,39.11262,35.962307,64.144875,64.144875,64.144875,64.144875,32.746834,32.746834,32.746834,38.093925,66.355965,59.28117,59.904675,61.546387,61.546387,61.546387,61.546387,57.81725,57.81725,50.549004,68.65535,67.16465,53.41292,63.54141,63.54141,65.1451,30.09549,30.09549,29.707855,29.707855,64.95165,64.67763,59.367554,65.73511,63.621006,63.621006,57.36646,63.16652,62.700848,63.16652,63.16652,62.821117,62.821117,62.821117,63.401474,61.26117,61.26117,61.26117,60.29347,60.29347,60.29347,60.29347,60.29347,60.920708,66.4199,66.55038,65.75337,43.596264,47.339252,71.14465,71.14465,71.14465,58.291203,41.8777,50.92301,35.866657,47.07538,47.07538,43.25551,50.363758,50.363758,50.435345,32.551277,61.490635,61.490635,47.11374,47.11374,80.570015,80.570015,64.26004,70.62046,63.877445,63.877445,42.97358,49.533813,67.65647,41.282475,54.190956,54.190956,57.04703,35.585285,49.926743,36.439617,39.471317,39.471317,39.471317,38.846252,38.846252,38.846252,38.846252,38.846252,61.576546,61.576546,61.576546
TX-DP-2,35.225334,35.188408,36.021584,88.22336,77.13997,77.13997,48.12204,48.12204,48.12204,48.12204,42.621784,42.621784,42.621784,57.35506,0.0,0.0,59.25802,46.491085,64.04503,64.04503,52.53129,52.53129,52.53129,52.53129,47.45229,50.632374,50.632374,40.052856,40.052856,59.050823,53.057713,53.057713,36.43477,36.43477,52.60644,42.137375,69.52113,69.52113,69.52113,69.52113,39.88871,39.88871,39.88871,45.292816,71.81168,64.69722,65.548706,67.12551,67.12551,67.12551,67.12551,63.58342,63.58342,55.899136,74.12989,72.618324,58.75914,68.74269,68.74269,70.385826,37.7141,37.7141,37.33913,37.33913,70.14282,69.88902,64.65182,70.92807,68.811905,68.811905,64.918144,68.85015,68.41137,68.85015,68.85015,68.05291,68.05291,68.05291,68.63351,66.7417,66.7417,66.7417,65.53399,65.53399,65.53399,65.53399,65.53399,66.32898,70.905785,70.97003,70.28702,49.64258,53.39276,76.86026,76.86026,76.86026,63.668633,49.253197,58.350094,42.093178,53.920193,53.920193,49.499264,56.09341,56.09341,56.176926,39.678772,67.84072,67.84072,53.335587,53.335587,86.1331,86.1331,69.752846,75.92431,69.18478,69.18478,48.5589,56.38627,72.91115,48.279835,47.467518,47.467518,50.72093,41.914394,56.198322,43.582466,45.888607,45.888607,45.888607,45.427876,45.427876,45.427876,45.427876,45.427876,66.867584,66.867584,66.867584
TX-DP-5,35.225334,35.188408,36.021584,88.22336,77.13997,77.13997,48.12204,48.12204,48.12204,48.12204,42.621784,42.621784,42.621784,57.35506,0.0,0.0,59.25802,46.491085,64.04503,64.04503,52.53129,52.53129,52.53129,52.53129,47.45229,50.632374,50.632374,40.052856,40.052856,59.050823,53.057713,53.057713,36.43477,36.43477,52.60644,42.137375,69.52113,69.52113,69.52113,69.52113,39.88871,39.88871,39.88871,45.292816,71.81168,64.69722,65.548706,67.12551,67.12551,67.12551,67.12551,63.58342,63.58342,55.899136,74.12989,72.618324,58.75914,68.74269,68.74269,70.385826,37.7141,37.7141,37.33913,37.33913,70.14282,69.88902,64.65182,70.92807,68.811905,68.811905,64.918144,68.85015,68.41137,68.85015,68.85015,68.05291,68.05291,68.05291,68.63351,66.7417,66.7417,66.7417,65.53399,65.53399,65.53399,65.53399,65.53399,66.32898,70.905785,70.97003,70.28702,49.64258,53.39276,76.86026,76.86026,76.86026,63.668633,49.253197,58.350094,42.093178,53.920193,53.920193,49.499264,56.09341,56.09341,56.176926,39.678772,67.84072,67.84072,53.335587,53.335587,86.1331,86.1331,69.752846,75.92431,69.18478,69.18478,48.5589,56.38627,72.91115,48.279835,47.467518,47.467518,50.72093,41.914394,56.198322,43.582466,45.888607,45.888607,45.888607,45.427876,45.427876,45.427876,45.427876,45.427876,66.867584,66.867584,66.867584
CO-HM-1,30.478804,30.406559,31.272228,81.739944,72.33459,72.33459,43.409103,43.409103,43.409103,43.409103,38.14094,38.14094,38.14094,51.535492,59.25802,59.25802,0.0,40.839737,57.724964,57.724964,46.787125,46.787125,46.787125,46.787125,41.894455,45.033134,45.033134,34.61337,34.61337,53.2919,47.31947,47.31947,31.696102,31.696102,46.770588,36.568825,63.242317,63.242317,63.242317,63.242317,34.648365,34.648365,34.648365,40.035027,65.57798,58.47354,59.37497,60.933857,60.933857,60.933857,60.933857,57.479584,57.479584,49.798878,67.9341,66.405525,52.54694,62.402214,62.402214,64.032036,32.83886,32.83886,32.48025,32.48025,63.803185,63.54761,58.369343,64.58652,62.47763,62.47763,59.225887,62.556587,62.145718,62.556587,62.556587,61.728264,61.728264,61.728264,62.303936,60.57821,60.57821,60.57821,59.23253,59.23253,59.23253,59.23253,59.23253,60.189285,64.21282,64.24631,63.58833,43.947117,47.669586,70.77127,70.77127,70.77127,57.441998,43.85703,52.718117,36.538704,48.281826,48.281826,43.80262,50.18364,50.18364,50.258442,34.546867,61.837135,61.837135,47.82032,47.82032,79.855606,79.855606,63.505585,69.622856,62.90168,62.90168,42.735775,50.649773,66.59606,42.554924,55.1994,55.1994,57.861595,36.401726,50.192432,38.270176,40.350094,40.350094,40.350094,39.968884,39.968884,39.968884,39.968884,39.968884,60.5582,60.5582,60.5582
OH-WN-4,17.322378,17.292358,18.139662,73.419716,59.03162,59.03162,30.049055,30.049055,30.049055,30.049055,24.807562,24.807562,24.807562,40.44232,46.491085,46.491085,40.839737,0.0,47.848278,47.848278,36.346844,36.346844,36.346844,36.346844,31.402548,34.52364,34.52364,21.919413,21.919413,42.296524,36.275227,36.275227,18.492823,18.492823,36.732365,26.03822,54.427376,54.427376,54.427376,54.427376,22.287428,22.287428,22.287428,27.639894,56.55044,49.46048,49.466846,51.1649,51.1649,51.1649,51.1649,47.356403,47.356403,34.478527,58.958683,57.508278,43.72563,53.95558,53.95558,55.52798,19.769773,19.769773,19.381178,19.381178,55.36771,55.105442,49.723213,56.134914,54.02373,54.02373,46.452297,52.586033,52.12077,52.586033,52.586033,53.223606,53.223606,53.223606,53.799423,51.49624,51.49624,51.49624,50.46189,50.46189,50.46189,50.46189,50.46189,51.25982,57.29537,57.458103,56.56244,33.721073,37.429295,61.250973,61.250973,61.250973,48.375015,31.226135,40.077953,26.075203,36.324974,36.324974,32.55517,40.269608,40.269608,40.324654,22.207363,51.589355,51.589355,37.507057,37.507057,70.458824,70.458824,54.19963,60.96635,54.216183,54.216183,33.15863,38.842724,58.03909,30.691704,43.261204,43.261204,46.11426,25.73302,39.350044,25.933191,29.547739,29.547739,29.547739,28.838938,28.838938,28.838938,28.838938,28.838938,51.898907,51.898907,51.898907
OH-CV-1,32.911873,32.881596,33.705242,97.78695,76.29371,76.29371,46.304203,46.304203,46.304203,46.304203,40.746338,40.746338,40.746338,58.75663,64.04503,64.04503,57.724964,47.848278,0.0,0.0,56.230743,56.230743,56.230743,56.230743,51.13282,54.337597,54.337597,41.25242,41.25242,61.03406,54.795116,54.795116,34.117184,34.117184,56.25871,44.521973,77.450264,77.450264,77.450264,77.450264,39.38163,39.38163,39.38163,44.764343,79.5486,72.2027,69.95158,71.90103,71.90103,71.90103,71.90103,67.28845,67.28845,50.66154,81.66471,80.17066,66.82824,78.54624,78.54624,79.91962,35.691353,35.691353,35.3564,35.3564,79.95642,79.701866,74.00409,80.74175,78.62502,78.62502,64.22888,74.64816,74.03373,74.64816,74.64816,77.74967,77.74967,77.74967,78.336685,75.06353,75.06353,75.06353,74.50939,74.50939,74.50939,74.50939,74.50939,74.67599,83.22927,83.46344,82.41761,53.558987,57.384026,83.82322,83.82322,83.82322,72.03076,48.322563,57.45753,45.05328,54.023865,54.023865,50.648632,60.564037,60.564037,60.569725,38.872776,70.9709,70.9709,55.671963,55.671963,91.55067,91.55067,75.22943,85.42213,78.60479,78.60479,54.016163,56.298466,82.58511,47.964966,61.30459,61.30459,64.37518,44.032715,57.994713,43.003246,48.042023,48.042023,48.042023,46.590584,46.590584,46.590584,46.590584,46.590584,75.679504,75.679504,75.679504
OH-CV-4,32.911873,32.881596,33.705242,97.78695,76.29371,76.29371,46.304203,46.304203,46.304203,46.304203,40.746338,40.746338,40.746338,58.75663,64.04503,64.04503,57.724964,47.848278,0.0,0.0,56.230743,56.230743,56.230743,56.230743,51.13282,54.337597,54.337597,41.25242,41.25242,61.03406,54.795116,54.795116,34.117184,34.117184,56.25871,44.521973,77.450264,77.450264,77.450264,77.450264,39.38163,39.38163,39.38163,44.764343,79.5486,72.2027,69.95158,71.90103,71.90103,71.90103,71.90103,67.28845,67.28845,50.66154,81.66471,80.17066,66.82824,78.54624,78.54624,79.91962,35.691353,35.691353,35.3564,35.3564,79.95642,79.701866,74.00409,80.74175,78.62502,78.62502,64.22888,74.64816,74.03373,74.64816,74.64816,77.74967,77.74967,77.74967,78.336685,75.06353,75.06353,75.06353,74.50939,74.50939,74.50939,74.50939,74.50939,74.67599,83.22927,83.46344,82.41761,53.558987,57.384026,83.82322,83.82322,83.82322,72.03076,48.322563,57.45753,45.05328,54.023865,54.023865,50.648632,60.564037,60.564037,60.569725,38.872776,70.9709,70.9709,55.671963,55.671963,91.55067,91.55067,75.22943,85.42213,78.60479,78.60479,54.016163,56.298466,82.58511,47.964966,61.30459,61.30459,64.37518,44.032715,57.994713,43.003246,48.042023,48.042023,48.042023,46.590584,46.590584,46.590584,46.590584,46.590584,75.679504,75.679504,75.679504
AL-OM-1,22.895014,22.890173,23.714941,80.47316,65.106,65.106,35.93206,35.93206,35.93206,35.93206,30.59599,30.59599,30.59599,46.3726,52.53129,52.53129,46.787125,36.346844,56.230743,56.230743,0.0,0.0,0.0,0.0,26.358017,29.263851,29.263851,29.140049,29.140049,48.179783,42.140133,42.140133,24.126137,24.126137,42.76829,24.22663,61.236126,61.236126,61.236126,61.236126,28.081076,28.081076,28.081076,33.46985,63.344997,56.21508,55.47082,57.171947,57.171947,57.171947,57.171947,53.320164,53.320164,47.59412,65.61381,64.20307,50.63267,60.989834,60.989834,62.50925,25.418247,25.418247,25.02735,25.02735,62.41051,62.16493,56.690155,63.174603,61.08296,61.08296,52.52637,58.55423,58.023903,58.55423,58.55423,60.248363,60.248363,60.248363,60.817932,58.392097,58.392097,58.392097,56.904984,56.904984,56.904984,56.904984,56.904984,58.18556,64.751175,64.89769,63.92205,33.43464,36.81823,67.963905,67.963905,67.963905,55.447205,37.102154,45.73786,22.972677,42.274952,42.274952,38.418915,46.386944,46.386944,46.406532,27.902578,57.873154,57.873154,43.44513,43.44513,76.492516,76.492516,60.216476,67.9798,61.19219,61.19219,39.686745,44.694386,65.06724,36.517307,49.287975,49.287975,52.1199,31.62986,45.310337,31.71928,35.48578,35.48578,35.48578,34.634487,34.634487,34.634487,34.634487,34.634487,58.690964,58.690964,58.690964
AL-OM-2,22.895014,22.890173,23.714941,80.47316,65.106,65.106,35.93206,35.93206,35.93206,35.93206,30.59599,30.59599,30.59599,46.3726,52.53129,52.53129,46.787125,36.346844,56.230743,56.230743,0.0,0.0,0.0,0.0,26.358017,29.263851,29.263851,29.140049,29.140049,48.179783,42.140133,42.140133,24.126137,24.126137,42.76829,24.22663,61.236126,61.236126,61.236126,61.236126,28.081076,28.081076,28.081076,33.46985,63.344997,56.21508,55.47082,57.171947,57.171947,57.171947,57.171947,53.320164,53.320164,47.59412,65.61381,64.20307,50.63267,60.989834,60.989834,62.50925,25.418247,25.418247,25.02735,25.02735,62.41051,62.16493,56.690155,63.174603,61.08296,61.08296,52.52637,58.55423,58.023903,58.55423,58.55423,60.248363,60.248363,60.248363,60.817932,58.392097,58.392097,58.392097,56.904984,56.904984,56.904984,56.904984,56.904984,58.18556,64.751175,64.89769,63.92205,33.43464,36.81823,67.963905,67.963905,67.963905,55.447205,37.102154,45.73786,22.972677,42.274952,42.274952,38.418915,46.386944,46.386944,46.406532,27.902578,57.873154,57.873154,43.44513,43.44513,76.492516,76.492516,60.216476,67.9798,61.19219,61.19219,39.686745,44.694386,65.06724,36.517307,49.287975,49.287975,52.1199,31.62986,45.310337,31.71928,35.48578,35.48578,35.48578,34.634487,34.634487,34.634487,34.634487,34.634487,58.690964,58.690964,58.690964
AL-OM-4,22.895014,22.890173,23.714941,80.47316,65.106,65.106,35.93206,35.93206,35.93206,35.93206,30.59599,30.59599,30.59599,46.3726,52.53129,52.53129,46.787125,36.346844,56.230743,56.230743,0.0,0.0,0.0,0.0,26.358017,29.263851,29.263851,29.140049,29.140049,48.179783,42.140133,42.140133,24.126137,24.126137,42.76829,24.22663,61.236126,61.236126,61.236126,61.236126,28.081076,28.081076,28.081076,33.46985,63.344997,56.21508,55.47082,57.171947,57.171947,57.171947,57.171947,53.320164,53.320164,47.59412,65.61381,64.20307,50.63267,60.989834,60.989834,62.50925,25.418247,25.418247,25.02735,25.02735,62.41051,62.16493,56.690155,63.174603,61.08296,61.08296,52.52637,58.55423,58.023903,58.55423,58.55423,60.248363,60.248363,60.248363,60.817932,58.392097,58.392097,58.392097,56.904984,56.904984,56.904984,56.904984,56.904984,58.18556,64.751175,64.89769,63.92205,33.43464,36.81823,67.963905,67.963905,67.963905,55.447205,37.102154,45.73786,22.972677,42.274952,42.274952,38.418915,46.386944,46.386944,46.406532,27.902578,57.873154,57.873154,43.44513,43.44513,76.492516,76.492516,60.216476,67.9798,61.19219,61.19219,39.686745,44.694386,65.06724,36.517307,49.287975,49.287975,52.1199,31.62986,45.310337,31.71928,35.48578,35.48578,35.48578,34.634487,34.634487,34.634487,34.634487,34.634487,58.690964,58.690964,58.690964
AL-OM-5,22.895014,22.890173,23.714941,80.47316,65.106,65.106,35.93206,35.93206,35.93206,35.93206,30.59599,30.59599,30.59599,46.3726,52.53129,52.53129,46.787125,36.346844,56.230743,56.230743,0.0,0.0,0.0,0.0,26.358017,29.263851,29.263851,29.140049,29.140049,48.179783,42.140133,42.140133,24.126137,24.126137,42.76829,24.22663,61.236126,61.236126,61.236126,61.236126,28.081076,28.081076,28.081076,33.46985,63.344997,56.21508,55.47082,57.171947,57.171947,57.171947,57.171947,53.320164,53.320164,47.59412,65.61381,64.20307,50.63267,60.989834,60.989834,62.50925,25.418247,25.418247,25.02735,25.02735,62.41051,62.16493,56.690155,63.174603,61.08296,61.08296,52.52637,58.55423,58.023903,58.55423,58.55423,60.248363,60.248363,60.248363,60.817932,58.392097,58.392097,58.392097,56.904984,56.904984,56.904984,56.904984,56.904984,58.18556,64.751175,64.89769,63.92205,33.43464,36.81823,67.963905,67.963905,67.963905,55.447205,37.102154,45.73786,22.972677,42.274952,42.274952,38.418915,46.386944,46.386944,46.406532,27.902578,57.873154,57.873154,43.44513,43.44513,76.492516,76.492516,60.216476,67.9798,61.19219,61.19219,39.686745,44.694386,65.06724,36.517307,49.287975,49.287975,52.1199,31.62986,45.310337,31.71928,35.48578,35.48578,35.48578,34.634487,34.634487,34.634487,34.634487,34.634487,58.690964,58.690964,58.690964
AL-TIH-1,18.33135,18.315235,19.158724,75.45533,60.074852,60.074852,31.122469,31.122469,31.122469,31.122469,25.884434,25.884434,25.884434,41.290806,47.45229,47.45229,41.894455,31.402548,51.13282,51.13282,26.358017,26.358017,26.358017,26.358017,0.0,11.282041,11.282041,24.275436,24.275436,43.120457,37.108322,37.108322,19.524715,19.524715,37.705006,22.196587,56.20585,56.20585,56.20585,56.20585,23.273579,23.273579,23.273579,28.627771,58.235916,51.09241,50.305225,52.03072,52.03072,52.03072,52.03072,48.139874,48.139874,42.639423,60.47507,59.051792,45.64096,55.996944,55.996944,57.53036,20.76823,20.76823,20.396273,20.396273,57.395073,57.15904,51.70317,58.18881,56.067635,56.067635,47.414978,53.36591,52.86492,53.36591,53.36591,55.250164,55.250164,55.250164,55.832386,53.40416,53.40416,53.40416,51.720016,51.720016,51.720016,51.720016,51.720016,53.225388,59.735153,59.91301,58.942917,28.501259,32.003063,62.336212,62.336212,62.336212,50.45245,32.218365,40.963818,20.954346,37.257103,37.257103,33.409233,41.293518,41.293518,41.33849,23.182087,52.687675,52.687675,38.581688,38.581688,71.27673,71.27673,55.065342,62.986732,56.19944,56.19944,34.801575,39.725677,60.059967,31.578823,44.15133,44.15133,46.977947,26.293282,40.15958,26.896196,30.561016,30.561016,30.561016,29.832779,29.832779,29.832779,29.832779,29.832779,53.57879,53.57879,53.57879
AL-TIH-3,21.374159,21.363281,22.197502,78.67979,63.240383,63.240383,34.248333,34.248333,34.248333,34.248333,28.975634,28.975634,28.975634,44.43525,50.632374,50.632374,45.033134,34.52364,54.337597,54.337597,29.263851,29.263851,29.263851,29.263851,11.282041,0.0,0.0,27.399624,27.399624,46.30446,40.29166,40.29166,22.576954,22.576954,40.897045,25.320696,59.40967,59.40967,59.40967,59.40967,26.384647,26.384647,26.384647,31.774197,61.395756,54.280228,53.49583,55.24057,55.24057,55.24057,55.24057,51.35344,51.35344,45.835236,63.643333,62.227947,48.85483,59.240807,59.240807,60.754543,23.84857,23.84857,23.448711,23.448711,60.64127,60.38806,54.9331,61.41997,59.308006,59.308006,50.573112,56.563736,56.07841,56.563736,56.563736,58.487877,58.487877,58.487877,59.0686,56.620613,56.620613,56.620613,54.922924,54.922924,54.922924,54.922924,54.922924,56.44208,63.01103,63.193382,62.211327,31.077423,34.694756,65.29317,65.29317,65.29317,53.68154,35.353973,44.13694,24.103119,40.427464,40.427464,36.57912,44.481445,44.481445,44.507492,26.26994,55.89244,55.89244,41.724003,41.724003,74.49589,74.49589,58.23386,66.2061,59.434464,59.434464,37.923267,42.92393,63.301544,34.715706,47.31831,47.31831,50.170326,29.864769,43.35348,29.997213,33.70499,33.70499,33.70499,32.94676,32.94676,32.94676,32.94676,32.94676,56.76113,56.76113,56.76113
AL-TIH-4,21.374159,21.363281,22.197502,78.67979,63.240383,63.240383,34.248333,34.248333,34.248333,34.248333,28.975634,28.975634,28.975634,44.43525,50.632374,50.632374,45.033134,34.52364,54.337597,54.337597,29.263851,29.263851,29.263851,29.263851,11.282041,0.0,0.0,27.399624,27.399624,46.30446,40.29166,40.29166,22.576954,22.576954,40.897045,25.320696,59.40967,59.40967,59.40967,59.40967,26.384647,26.384647,26.384647,31.774197,61.395756,54.280228,53.49583,55.24057,55.24057,55.24057,55.24057,51.35344,51.35344,45.835236,63.643333,62.227947,48.85483,59.240807,59.240807,60.754543,23.84857,23.84857,23.448711,23.448711,60.64127,60.38806,54.9331,61.41997,59.308006,59.308006,50.573112,56.563736,56.07841,56.563736,56.563736,58.487877,58.487877,58.487877,59.0686,56.620613,56.620613,56.620613,54.922924,54.922924,54.922924,54.922924,54.922924,56.44208,63.01103,63.193382,62.211327,31.077423,34.694756,65.29317,65.29317,65.29317,53.68154,35.353973,44.13694,24.103119,40.427464,40.427464,36.57912,44.481445,44.481445,44.507492,26.26994,55.89244,55.89244,41.724003,41.724003,74.49589,74.49589,58.23386,66.2061,59.434464,59.434464,37.923267,42.92393,63.301544,34.715706,47.31831,47.31831,50.170326,29.864769,43.35348,29.997213,33.70499,33.70499,33.70499,32.94676,32.94676,32.94676,32.94676,32.94676,56.76113,56.76113,56.76113
KY-RR-2,11.362421,11.331643,12.180114,65.47202,52.749897,52.749897,23.879017,23.879017,23.879017,23.879017,18.730867,18.730867,18.730867,33.448425,40.052856,40.052856,34.61337,21.919413,41.25242,41.25242,29.140049,29.140049,29.140049,29.140049,24.275436,27.399624,27.399624,0.0,0.0,35.308254,29.351461,29.351461,12.510275,12.510275,29.478098,19.13695,46.630566,46.630566,46.630566,46.630566,15.996722,15.996722,15.996722,21.321344,48.83683,41.76209,41.99956,43.679287,43.679287,43.679287,43.679287,39.95061,39.95061,33.1378,51.127373,49.66602,35.963326,46.020355,46.020355,47.637432,13.733875,13.733875,13.346579,13.346579,47.427433,47.169422,41.868713,48.202744,46.0893,46.0893,39.94475,45.092686,44.527157,45.092686,45.092686,45.313114,45.313114,45.313114,45.890816,43.761497,43.761497,43.761497,42.803,42.803,42.803,42.803,42.803,43.468742,48.94608,49.08569,48.30829,26.488907,30.154129,53.621185,53.621185,53.621185,40.67644,22.820444,33.567898,19.106188,29.792639,29.792639,25.6908,32.878105,32.878105,32.943935,16.043573,44.50499,44.50499,30.779255,30.779255,62.853367,62.853367,46.57966,53.089973,46.349857,46.349857,25.703346,32.135796,50.13968,24.0389,36.543137,36.543137,39.352493,18.900093,32.459198,19.666477,22.66346,22.66346,22.66346,22.322891,22.322891,22.322891,22.322891,22.322891,44.071163,44.071163,44.071163
KY-RR-5,11.362421,11.331643,12.180114,65.47202,52.749897,52.749897,23.879017,23.879017,23.879017,23.879017,18.730867,18.730867,18.730867,33.448425,40.052856,40.052856,34.61337,21.919413,41.25242,41.25242,29.140049,29.140049,29.140049,29.140049,24.275436,27.399624,27.399624,0.0,0.0,35.308254,29.351461,29.351461,12.510275,12.510275,29.478098,19.13695,46.630566,46.630566,46.630566,46.630566,15.996722,15.996722,15.996722,21.321344,48.83683,41.76209,41.99956,43.679287,43.679287,43.679287,43.679287,39.95061,39.95061,33.1378,51.127373,49.66602,35.963326,46.020355,46.020355,47.637432,13.733875,13.733875,13.346579,13.346579,47.427433,47.169422,41.868713,48.202744,46.0893,46.0893,39.94475,45.092686,44.527157,45.092686,45.092686,45.313114,45.313114,45.313114,45.890816,43.761497,43.761497,43.761497,42.803,42.803,42.803,42.803,42.803,43.468742,48.94608,49.08569,48.30829,26.488907,30.154129,53.621185,53.621185,53.621185,40.67644,22.820444,33.567898,19.106188,29.792639,29.792639,25.6908,32.878105,32.878105,32.943935,16.043573,44.50499,44.50499,30.779255,30.779255,62.853367,62.853367,46.57966,53.089973,46.349857,46.349857,25.703346,32.135796,50.13968,24.0389,36.543137,36.543137,39.352493,18.900093,32.459198,19.666477,22.66346,22.66346,22.66346,22.322891,22.322891,22.322891,22.322891,22.322891,44.071163,44.071163,44.071163
