,NC-GSM-2,NC-GSM-4,NC-GSM-5,TX-LL-2,TX-MC-1,TX-MC-3,TX-CR-1,TX-CR-3,TX-CR-4,TX-CR-5,TX-GCS-1,TX-GCS-2,TX-GCS-5,NC-CMSP-5,TX-DP-2,TX-DP-5,CO-HM-1,OH-WN-4,OH-CV-1,OH-CV-4,AL-OM-1,AL-OM-2,AL-OM-4,AL-OM-5,AL-TIH-1,AL-TIH-3,AL-TIH-4,KY-RR-2,KY-RR-5,NY-BM-1,NY-BM-2,NY-BM-5,TX-CB-2,TX-CB-4,SC-AJ-2,AL-CSP-3,DE-WC-1,DE-WC-2,DE-WC-3,DE-WC-5,PA-BE-2,PA-BE-3,PA-BE-4,PA-SGL-2,MD-SERC-1,MD-SERC-3,MN-BR-1,MN-BR-2,MN-BR-3,MN-BR-4,MN-BR-5,MN-MS-3,MN-MS-5,OH-MSF-2,PA-RC-2,PA-RC-3,IN-SS-1,SD-AS-2,SD-AS-3,IL-CL-2,GA-CNF-1,GA-CNF-2,GA-CNF-4,GA-CNF-5,SD-OL-3,SD-OL-4,IL-KS-1,SD-LH-1,SD-SS-1,SD-SS-2,WA-SB-4,ND-KS-1,ND-KS-2,ND-KS-3,ND-KS-4,ND-AN-1,ND-AN-2,ND-AN-4,ND-AN-5,ND-WL-1,ND-WL-2,ND-WL-5,ND-LL-1,ND-LL-2,ND-LL-3,ND-LL-4,ND-LL-5,ND-LI-5,ND-LN-4,ND-LN-5,ND-LZ-5,AL-BN-2,AL-BN-4,TN-WR-2,TN-WR-4,TN-WR-5,IN-WM-5,TN-CS-1,GA-RT-4,AL-TN-2,WY-TB-2,WY-TB-3,MT-CG-3,MT-PC-1,MT-PC-3,MT-PC-4,MI-PR-2,WY-BH-4,WY-BH-5,SD-BH-2,SD-BH-5,MN-CF-1,MN-CF-2,MN-LR-5,IA-RR-4,IA-CS-4,IA-CS-5,TX-SH-2,FL-WP-3,KS-MS-2,FL-BS-3,TX-MN-2,TX-MN-4,TX-MN-5,LA-HN-5,MN-SD-5,MN-RR-3,LA-LO-1,LA-LO-2,LA-LO-3,LA-AN-1,LA-AN-2,LA-AN-3,LA-AN-4,LA-AN-5,MN-MH-3,MN-MH-4,MN-MH-5
NC-GSM-2,0.0,42.107292,37.307255,54.77851,37.89567,35.306526,44.27883,44.27883,44.27883,44.27883,53.480965,53.480965,44.108147,56.554276,50.323914,58.398453,44.910576,67.02797,54.651215,58.102943,56.45926,56.45926,57.243397,52.578075,62.790447,60.459915,62.861355,75.56896,75.61841,55.084072,57.428665,57.096268,53.59013,53.02781,62.383263,72.43156,48.380405,48.380405,48.380405,48.380405,67.53217,67.53217,67.53217,61.153683,68.30713,61.563263,40.835457,40.2516,40.2516,36.626896,36.626896,66.57423,60.98474,60.78266,49.54271,52.47746,47.89956,37.473976,37.473976,42.581303,77.23321,77.23321,77.6397,77.6397,53.66429,53.249325,46.735245,44.35654,38.14118,38.14118,33.98474,36.520535,34.55591,37.656677,37.656677,37.70429,40.357075,47.41219,45.809555,41.38385,41.38385,41.816963,46.934635,46.934635,44.883793,44.333538,44.333538,46.746937,54.16237,52.53102,37.739796,70.64937,74.646126,39.747086,39.747086,35.023422,53.45796,73.248886,68.53371,71.78077,54.79706,54.612694,46.84232,51.267464,51.267464,50.87653,85.51216,53.61545,55.03576,53.624214,54.447506,36.67065,36.67065,54.43902,43.27949,34.084568,34.084568,65.13134,45.05917,57.71407,71.03894,52.627136,51.158546,50.75377,73.85749,59.346226,65.24298,54.94114,51.023468,48.88777,66.71251,66.81475,66.81475,67.93247,68.516884,40.482132,40.482132,42.211506
NC-GSM-4,42.107292,0.0,37.275303,54.77218,37.8948,35.305412,44.241592,44.241592,44.241592,44.241592,53.45289,53.45289,44.09442,56.52819,50.29975,58.35388,44.875282,67.08227,54.61918,58.072365,56.422733,56.422733,57.208145,52.542717,62.777256,60.442623,62.84593,75.81862,75.90303,55.111084,57.490486,57.09066,53.57203,52.972973,62.36841,72.57399,48.35015,48.35015,48.35015,48.35015,67.500435,67.500435,67.500435,61.129093,68.28043,61.543762,40.834057,40.251263,40.251263,36.626816,36.626816,66.556946,60.96756,60.77436,49.508793,52.442116,47.887054,37.45135,37.45135,42.583267,77.55466,77.55466,77.92227,77.92227,53.636814,53.221813,46.735065,44.336926,38.124313,38.124313,33.985897,36.52048,34.555878,37.656185,37.656185,37.683727,40.33679,47.381294,45.77912,41.35799,41.35799,41.794617,46.912075,46.912075,44.860992,44.311,44.311,46.72758,54.127533,52.519367,37.7269,70.81525,74.88851,39.737392,39.737392,35.035656,53.42428,73.28786,68.49809,71.8816,55.03864,54.84618,46.809834,51.205788,51.205788,50.938778,85.90538,53.66441,55.05129,53.63357,54.536667,36.670338,36.670338,54.412178,43.277412,34.085224,34.085224,65.11388,45.036385,57.695465,71.167755,52.603867,51.134613,50.72613,74.03431,59.299793,65.28649,54.92218,51.00789,48.84553,66.70292,66.79578,66.79578,67.91425,68.50487,40.471874,40.471874,42.200634
NC-GSM-5,37.307255,37.275303,0.0,54.84942,37.961212,35.371143,44.356113,44.356113,44.356113,44.356113,53.55676,53.55676,44.180553,56.617416,50.41062,58.461056,44.98764,67.19113,54.72503,58.176407,56.5326,56.5326,57.317207,52.654224,62.846813,60.522457,62.919666,76.103676,76.145874,55.32403,57.58483,57.20093,53.661488,53.05621,62.458393,72.68418,48.44473,48.44473,48.44473,48.44473,67.55262,67.55262,67.55262,61.236107,68.360054,61.616554,40.905266,40.318592,40.318592,36.691727,36.691727,66.637276,61.042747,60.845875,49.60107,52.55027,47.97186,37.54708,37.54708,42.646984,77.89771,77.89771,78.323425,78.323425,53.74085,53.325077,46.802,44.42893,38.21355,38.21355,34.047855,36.58738,34.62227,37.724327,37.724327,37.77691,40.431652,47.48806,45.884605,41.457733,41.457733,41.890102,46.997562,46.997562,44.946285,44.395832,44.395832,46.80648,54.215103,52.593235,37.812305,71.14353,75.15813,39.814667,39.814667,35.103165,53.532272,73.383224,68.58068,72.017914,55.296753,55.10179,46.922073,51.280647,51.280647,50.996616,86.34084,53.78413,55.271103,53.716843,54.673874,36.73882,36.73882,54.50982,43.34975,34.15026,34.15026,65.1869,45.11698,57.770855,71.31781,52.673943,51.22049,50.80454,74.37147,59.391705,65.46082,54.999107,51.08571,48.9204,66.77282,66.87143,66.87143,67.987595,68.57089,40.554913,40.554913,42.284138
TX-LL-2,54.77851,54.77218,54.84942,0.0,27.881441,25.396673,32.459885,32.459885,32.459885,32.459885,42.191612,42.191612,33.332672,42.713707,38.486805,45.997433,33.352356,47.75868,42.653126,45.615074,44.467995,44.467995,45.025406,40.689274,47.70226,46.09434,48.047997,53.230675,53.38538,38.36018,40.434914,39.85365,39.799927,39.47737,45.456104,53.09583,35.304585,35.304585,35.304585,35.304585,51.64191,51.64191,51.64191,46.8395,51.341614,45.32538,30.624916,30.241446,30.241446,26.78746,26.78746,52.430553,45.937378,45.08466,37.97101,40.575424,37.164078,26.483303,26.483303,32.694916,53.800594,53.800594,54.119114,54.119114,42.37029,42.025913,36.713387,33.4428,27.199574,27.199574,24.350042,26.515089,24.568989,27.58999,27.58999,26.67669,29.342333,36.177654,34.585804,30.23355,30.23355,30.748375,34.16756,34.16756,32.085094,31.523989,31.523989,32.75508,40.595406,38.817566,27.04107,49.682575,53.704315,29.589619,29.589619,25.027668,41.91509,53.796513,53.283752,52.063698,35.864506,35.682274,34.880516,35.993702,35.993702,35.55271,58.152878,37.842075,39.290703,37.146534,37.799183,26.509388,26.509388,41.89693,33.118748,24.232006,24.232006,50.094593,31.60582,42.909973,51.14045,38.682777,37.40955,37.226814,50.92542,44.720314,47.079094,41.437954,37.769165,35.615654,51.887455,51.908978,51.908978,52.69277,53.32778,29.875904,29.875904,31.581158
TX-MC-1,37.89567,37.8948,37.961212,27.881441,0.0,5.1488156,15.836951,15.836951,15.836951,15.836951,24.79603,24.79603,15.8001375,26.188044,22.033869,29.367542,16.933113,31.055782,26.08138,28.979584,27.868465,27.868465,28.436817,24.191208,31.048708,29.47346,31.383236,36.41739,36.5673,21.928852,23.955133,23.369194,23.287796,22.962309,28.826317,36.30328,18.940563,18.940563,18.940563,18.940563,34.90385,34.90385,34.90385,30.26312,34.591667,28.708033,14.376506,14.013207,14.013207,10.587965,10.587965,35.717106,29.265598,28.490349,21.482288,24.056076,20.733053,10.148617,10.148617,16.447586,36.952095,36.952095,37.269115,37.269115,25.904408,25.571035,20.405134,17.119879,10.938932,10.938932,8.232454,10.336544,8.40449,11.432075,11.432075,10.381378,13.063894,19.826408,18.231018,13.89538,13.89538,14.417194,17.718277,17.718277,15.651351,15.096857,15.096857,16.421394,24.050894,22.283424,10.763321,32.940514,36.900375,13.587122,13.587122,9.055965,25.439272,36.993458,36.546043,35.28252,19.435583,19.258657,18.455496,19.59348,19.59348,19.160872,41.132633,21.344955,22.771675,20.730684,21.35861,10.42923,10.42923,25.347069,16.833105,7.967958,7.967958,33.40862,15.321432,26.326668,34.38382,22.18125,20.918026,20.747004,34.147453,28.097181,30.39428,24.86767,21.24384,19.089703,35.237926,35.261555,35.261555,36.001957,36.648933,13.549739,13.549739,15.226039
TX-MC-3,35.306526,35.305412,35.371143,25.396673,5.1488156,0.0,13.349898,13.349898,13.349898,13.349898,22.375364,22.375364,13.307479,23.64726,19.490627,26.83683,14.415066,28.485918,23.57005,26.471706,25.348864,25.348864,25.919855,21.670963,28.49436,26.925999,28.834682,33.847717,33.99934,19.375427,21.401073,20.811066,20.763659,20.443514,26.271967,33.73525,16.409708,16.409708,16.409708,16.409708,32.362476,32.362476,32.362476,27.733784,32.032024,26.137486,11.883913,11.521894,11.521894,8.113346,8.113346,33.190132,26.720722,25.970049,18.970785,21.546873,18.235973,7.670127,7.670127,13.962611,34.371677,34.371677,34.688034,34.688034,23.414156,23.08055,17.918308,14.623297,8.462785,8.462785,5.776335,7.859802,5.944498,8.9491205,8.9491205,7.90336,10.566684,17.330727,15.733019,11.393009,11.393009,11.912898,15.212543,15.212543,13.149911,12.599649,12.599649,13.896032,21.537014,19.766212,8.284912,30.37653,34.348774,11.081742,11.081742,6.6020265,22.93566,34.435734,34.02869,32.72538,16.891356,16.713985,15.920372,17.049347,17.049347,16.614399,38.51434,18.806206,20.230812,18.187372,18.815237,7.9549294,7.9549294,22.830853,14.344012,5.514607,5.514607,30.886751,12.807817,23.788729,31.831188,19.645344,18.379583,18.213171,31.560783,25.56852,27.84652,22.334047,18.711573,16.58039,32.69464,32.725246,32.725246,33.45379,34.10471,11.050967,11.050967,12.723579
TX-CR-1,44.27883,44.241592,44.356113,32.459885,15.836951,13.349898,0.0,0.0,0.0,0.0,29.50111,29.50111,20.438318,31.522509,27.110308,34.55315,21.845222,36.96969,31.06545,34.075073,32.959053,32.959053,33.595722,29.257269,36.774956,35.128113,37.089645,42.471718,42.612694,27.349958,29.417208,28.8824,28.463064,28.141321,34.45764,42.231483,24.043636,24.043636,24.043636,24.043636,40.492992,40.492992,40.492992,35.68024,40.50343,34.510387,18.84703,18.426231,18.426231,14.955484,14.955484,41.244663,34.876335,33.80736,26.390343,29.01102,25.404964,14.831006,14.831006,20.836887,43.20217,43.20217,43.518105,43.518105,30.646612,30.32326,24.850319,21.761572,15.615143,15.615143,12.49124,14.727578,12.787266,15.831193,15.831193,15.061562,17.73804,24.540508,22.96649,18.647541,18.647541,19.151518,22.701527,22.701527,20.633831,20.082058,20.082058,21.546555,29.214235,27.437046,15.379479,38.837666,42.837536,17.918081,17.918081,13.321946,30.288326,42.929314,42.007156,41.131687,24.82374,24.641592,23.507072,24.891014,24.891014,24.468504,48.016685,26.645014,28.074219,26.103167,26.765387,14.807087,14.807087,30.414915,21.268396,12.356572,12.356572,38.823334,20.40002,31.63097,40.235798,27.479864,26.205309,25.99057,40.308697,33.443295,36.063183,30.149267,26.485645,24.31811,40.75485,40.800632,40.800632,41.621826,42.25865,18.155476,18.155476,19.839582
TX-CR-3,44.27883,44.241592,44.356113,32.459885,15.836951,13.349898,0.0,0.0,0.0,0.0,29.50111,29.50111,20.438318,31.522509,27.110308,34.55315,21.845222,36.96969,31.06545,34.075073,32.959053,32.959053,33.595722,29.257269,36.774956,35.128113,37.089645,42.471718,42.612694,27.349958,29.417208,28.8824,28.463064,28.141321,34.45764,42.231483,24.043636,24.043636,24.043636,24.043636,40.492992,40.492992,40.492992,35.68024,40.50343,34.510387,18.84703,18.426231,18.426231,14.955484,14.955484,41.244663,34.876335,33.80736,26.390343,29.01102,25.404964,14.831006,14.831006,20.836887,43.20217,43.20217,43.518105,43.518105,30.646612,30.32326,24.850319,21.761572,15.615143,15.615143,12.49124,14.727578,12.787266,15.831193,15.831193,15.061562,17.73804,24.540508,22.96649,18.647541,18.647541,19.151518,22.701527,22.701527,20.633831,20.082058,20.082058,21.546555,29.214235,27.437046,15.379479,38.837666,42.837536,17.918081,17.918081,13.321946,30.288326,42.929314,42.007156,41.131687,24.82374,24.641592,23.507072,24.891014,24.891014,24.468504,48.016685,26.645014,28.074219,26.103167,26.765387,14.807087,14.807087,30.414915,21.268396,12.356572,12.356572,38.823334,20.40002,31.63097,40.235798,27.479864,26.205309,25.99057,40.308697,33.443295,36.063183,30.149267,26.485645,24.31811,40.75485,40.800632,40.800632,41.621826,42.25865,18.155476,18.155476,19.839582
TX-CR-4,44.27883,44.241592,44.356113,32.459885,15.836951,13.349898,0.0,0.0,0.0,0.0,29.50111,29.50111,20.438318,31.522509,27.110308,34.55315,21.845222,36.96969,31.06545,34.075073,32.959053,32.959053,33.595722,29.257269,36.774956,35.128113,37.089645,42.471718,42.612694,27.349958,29.417208,28.8824,28.463064,28.141321,34.45764,42.231483,24.043636,24.043636,24.043636,24.043636,40.492992,40.492992,40.492992,35.68024,40.50343,34.510387,18.84703,18.426231,18.426231,14.955484,14.955484,41.244663,34.876335,33.80736,26.390343,29.01102,25.404964,14.831006,14.831006,20.836887,43.20217,43.20217,43.518105,43.518105,30.646612,30.32326,24.850319,21.761572,15.615143,15.615143,12.49124,14.727578,12.787266,15.831193,15.831193,15.061562,17.73804,24.540508,22.96649,18.647541,18.647541,19.151518,22.701527,22.701527,20.633831,20.082058,20.082058,21.546555,29.214235,27.437046,15.379479,38.837666,42.837536,17.918081,17.918081,13.321946,30.288326,42.929314,42.007156,41.131687,24.82374,24.641592,23.507072,24.891014,24.891014,24.468504,48.016685,26.645014,28.074219,26.103167,26.765387,14.807087,14.807087,30.414915,21.268396,12.356572,12.356572,38.823334,20.40002,31.63097,40.235798,27.479864,26.205309,25.99057,40.308697,33.443295,36.063183,30.149267,26.485645,24.31811,40.75485,40.800632,40.800632,41.621826,42.25865,18.155476,18.155476,19.839582
TX-CR-5,44.27883,44.241592,44.356113,32.459885,15.836951,13.349898,0.0,0.0,0.0,0.0,29.50111,29.50111,20.438318,31.522509,27.110308,34.55315,21.845222,36.96969,31.06545,34.075073,32.959053,32.959053,33.595722,29.257269,36.774956,35.128113,37.089645,42.471718,42.612694,27.349958,29.417208,28.8824,28.463064,28.141321,34.45764,42.231483,24.043636,24.043636,24.043636,24.043636,40.492992,40.492992,40.492992,35.68024,40.50343,34.510387,18.84703,18.426231,18.426231,14.955484,14.955484,41.244663,34.876335,33.80736,26.390343,29.01102,25.404964,14.831006,14.831006,20.836887,43.20217,43.20217,43.518105,43.518105,30.646612,30.32326,24.850319,21.761572,15.615143,15.615143,12.49124,14.727578,12.787266,15.831193,15.831193,15.061562,17.73804,24.540508,22.96649,18.647541,18.647541,19.151518,22.701527,22.701527,20.633831,20.082058,20.082058,21.546555,29.214235,27.437046,15.379479,38.837666,42.837536,17.918081,17.918081,13.321946,30.288326,42.929314,42.007156,41.131687,24.82374,24.641592,23.507072,24.891014,24.891014,24.468504,48.016685,26.645014,28.074219,26.103167,26.765387,14.807087,14.807087,30.414915,21.268396,12.356572,12.356572,38.823334,20.40002,31.63097,40.235798,27.479864,26.205309,25.99057,40.308697,33.443295,36.063183,30.149267,26.485645,24.31811,40.75485,40.800632,40.800632,41.621826,42.25865,18.155476,18.155476,19.839582
TX-GCS-1,53.480965,53.45289,53.55676,42.191612,24.79603,22.375364,29.50111,29.50111,29.50111,29.50111,0.0,0.0,20.43036,40.962933,36.56307,44.165363,31.358725,46.247177,40.710266,43.702087,42.620358,42.620358,43.193768,38.83282,46.09758,44.455727,46.43125,51.768818,51.91304,36.630585,38.74071,38.181942,37.92095,37.593945,43.816547,51.574226,33.42718,33.42718,33.42718,33.42718,49.940094,49.940094,49.940094,45.114983,49.807854,43.778572,28.46721,28.031584,28.031584,24.53495,24.53495,50.692204,44.26695,43.262993,35.997524,38.624523,34.983593,24.328024,24.328024,30.469397,52.437817,52.437817,52.757484,52.757484,40.22825,39.87597,34.527584,31.259794,25.123241,25.123241,22.035269,24.313175,22.383404,25.415926,25.415926,24.510101,27.174503,34.036266,32.448666,28.120848,28.120848,28.618464,32.170433,32.170433,30.094423,29.535126,29.535126,30.853085,38.692673,36.905853,24.860743,48.147514,52.16832,27.370522,27.370522,22.78763,39.876537,52.273724,51.51254,50.49234,34.11515,33.92597,32.954647,34.216217,34.216217,33.78205,57.085648,36.017185,37.47883,35.394756,36.064644,24.283216,24.283216,39.9748,30.875109,21.943514,21.943514,48.309147,29.703264,41.074207,49.57818,36.889908,35.607376,35.403378,49.53505,42.908348,45.431797,39.62984,35.947666,33.7983,50.187183,50.220837,50.220837,51.04169,51.67488,27.702913,27.702913,29.41262
TX-GCS-2,53.480965,53.45289,53.55676,42.191612,24.79603,22.375364,29.50111,29.50111,29.50111,29.50111,0.0,0.0,20.43036,40.962933,36.56307,44.165363,31.358725,46.247177,40.710266,43.702087,42.620358,42.620358,43.193768,38.83282,46.09758,44.455727,46.43125,51.768818,51.91304,36.630585,38.74071,38.181942,37.92095,37.593945,43.816547,51.574226,33.42718,33.42718,33.42718,33.42718,49.940094,49.940094,49.940094,45.114983,49.807854,43.778572,28.46721,28.031584,28.031584,24.53495,24.53495,50.692204,44.26695,43.262993,35.997524,38.624523,34.983593,24.328024,24.328024,30.469397,52.437817,52.437817,52.757484,52.757484,40.22825,39.87597,34.527584,31.259794,25.123241,25.123241,22.035269,24.313175,22.383404,25.415926,25.415926,24.510101,27.174503,34.036266,32.448666,28.120848,28.120848,28.618464,32.170433,32.170433,30.094423,29.535126,29.535126,30.853085,38.692673,36.905853,24.860743,48.147514,52.16832,27.370522,27.370522,22.78763,39.876537,52.273724,51.51254,50.49234,34.11515,33.92597,32.954647,34.216217,34.216217,33.78205,57.085648,36.017185,37.47883,35.394756,36.064644,24.283216,24.283216,39.9748,30.875109,21.943514,21.943514,48.309147,29.703264,41.074207,49.57818,36.889908,35.607376,35.403378,49.53505,42.908348,45.431797,39.62984,35.947666,33.7983,50.187183,50.220837,50.220837,51.04169,51.67488,27.702913,27.702913,29.41262
TX-GCS-5,44.108147,44.09442,44.180553,33.332672,15.8001375,13.307479,20.438318,20.438318,20.438318,20.438318,20.43036,20.43036,0.0,31.907436,27.659187,35.124767,22.482327,37.031914,31.725365,34.66123,33.578182,33.578182,34.132717,29.846155,36.93376,35.323814,37.264008,42.485916,42.632812,27.624723,29.68765,29.121595,28.919212,28.598246,34.68379,42.337887,24.496414,24.496414,24.496414,24.496414,40.78015,40.78015,40.78015,36.01814,40.572266,34.60265,19.6827,19.256933,19.256933,15.777616,15.777616,41.551006,35.13295,34.208103,27.059444,29.6453,26.151571,15.522694,15.522694,21.679758,43.103683,43.103683,43.419895,43.419895,31.351944,31.010242,25.71416,22.451674,16.31941,16.31941,13.300668,15.546363,13.609349,16.64879,16.64879,15.711869,18.384598,25.204493,23.621445,19.317684,19.317684,19.813282,23.257011,23.257011,21.186209,20.627619,20.627619,21.960938,29.68991,27.910822,16.08049,38.92114,42.91588,18.65753,18.65753,14.068925,30.968983,43.01879,42.36718,41.263325,25.117405,24.93765,24.067745,25.240625,25.240625,24.809788,47.579224,27.024788,28.464054,26.410303,27.057634,15.549068,15.549068,30.969612,22.082306,13.180272,13.180272,39.191517,20.847843,32.04792,40.35732,27.876421,26.601107,26.41285,40.241364,33.839565,36.2684,30.600016,26.948046,24.78059,41.057777,41.08991,41.08991,41.890057,42.523697,18.91582,18.91582,20.61122
NC-CMSP-5,56.554276,56.52819,56.617416,42.713707,26.188044,23.64726,31.522509,31.522509,31.522509,31.522509,40.962933,40.962933,31.907436,0.0,37.684357,45.37559,32.301453,48.79853,41.77288,44.773094,43.64947,43.64947,44.29325,39.837437,48.271248,46.38316,48.48403,54.478745,54.61899,38.659935,40.84037,40.327457,39.497906,39.13465,45.985977,54.032322,34.863903,34.863903,34.863903,34.863903,51.935673,51.935673,51.935673,46.922005,52.342102,46.262638,28.993517,28.521748,28.521748,24.99058,24.99058,52.441154,46.28845,45.07763,36.9166,39.652767,35.673542,25.123072,25.123072,30.9169,55.346123,55.346123,55.672115,55.672115,41.087303,40.724495,34.984253,32.042645,25.860912,25.860912,22.456694,24.792759,22.8507,25.90716,25.90716,25.362698,28.026924,34.92892,33.33735,28.971188,28.971188,29.450455,33.466084,33.466084,31.4116,30.839056,30.839056,32.470207,40.20267,38.44119,25.589415,50.659397,54.690228,27.969532,27.969532,23.341682,40.820812,54.7352,53.403862,52.94365,36.20844,36.021297,34.061714,35.977123,35.977123,35.542824,60.71426,37.84591,39.29605,37.3891,38.108692,24.865164,24.865164,41.14699,31.403566,22.402515,22.402515,50.07508,31.295343,42.867603,52.101944,38.544205,37.27895,36.965023,52.39285,44.623943,47.672653,41.004826,37.25958,35.119255,52.00277,52.06466,52.06466,52.906986,53.54669,28.356453,28.356453,30.061083
TX-DP-2,50.323914,50.29975,50.41062,38.486805,22.033869,19.490627,27.110308,27.110308,27.110308,27.110308,36.56307,36.56307,27.659187,37.684357,0.0,24.11494,27.931349,43.0394,37.19117,40.139507,39.06509,39.06509,39.656616,35.3316,42.860905,41.155273,43.163666,48.5484,48.68197,33.417755,35.52712,34.975403,34.56033,34.22651,40.532906,48.314278,30.168404,30.168404,30.168404,30.168404,46.574986,46.574986,46.574986,41.841362,46.59237,40.58586,24.811798,24.34099,24.34099,20.826824,20.826824,47.333065,40.956467,39.891094,32.475132,35.09058,31.441938,20.859306,20.859306,26.722486,49.26729,49.26729,49.581226,49.581226,36.75499,36.418167,30.787752,27.786217,21.61006,21.61006,18.295286,20.620508,18.675264,21.73763,21.73763,21.045576,23.73595,30.589859,29.011955,24.695782,24.695782,25.180874,28.757395,28.757395,26.688171,26.122164,26.122164,27.586386,35.30194,33.516907,21.356897,44.9185,48.925034,23.805584,23.805584,19.174868,36.424007,48.99126,48.102547,47.209553,30.881798,30.690332,29.6022,30.950056,30.950056,30.529669,53.98354,32.714283,34.166153,32.150433,32.812767,20.694073,20.694073,36.49307,27.219772,18.233358,18.233358,44.916317,26.476685,37.73538,46.317352,33.579403,32.294216,32.100018,46.36865,39.52833,42.138607,36.16444,32.468494,30.313345,46.86159,46.88739,46.88739,47.727116,48.364716,24.14254,24.14254,25.854807
TX-DP-5,58.398453,58.35388,58.461056,45.997433,29.367542,26.83683,34.55315,34.55315,34.55315,34.55315,44.165363,44.165363,35.124767,45.37559,24.11494,0.0,35.44849,50.93704,44.871025,47.88376,46.76313,46.76313,47.345074,42.919247,50.685444,48.919518,50.975594,56.523613,56.661186,41.02307,43.214996,42.679287,42.244297,41.90773,48.356125,56.25141,37.6611,37.6611,37.6611,37.6611,54.467606,54.467606,54.467606,49.5748,54.525864,48.432896,32.229755,31.753521,31.753521,28.225456,28.225456,55.169468,48.791454,47.621685,40.025673,42.718243,38.893963,28.293846,28.293846,34.16217,57.281666,57.281666,57.601772,57.601772,44.24855,43.889812,38.24463,35.22989,29.052309,29.052309,25.685223,28.02748,26.08939,29.1407,29.1407,28.489122,31.150797,38.054707,36.462025,32.114304,32.114304,32.606785,36.33646,36.33646,34.272648,33.700203,33.700203,35.121857,42.995888,41.201313,28.773615,52.83449,56.861275,31.139425,31.139425,26.50571,43.94895,56.924557,55.973866,55.160175,38.553867,38.362568,37.08418,38.547657,38.547657,38.1129,62.213528,40.349224,41.833485,39.82379,40.50693,28.049147,28.049147,44.16074,34.637905,25.641874,25.641874,52.748863,33.972115,45.46053,54.254578,41.230675,39.89376,39.641476,54.34788,47.305687,49.998924,43.868446,40.163418,38.03228,54.692966,54.70814,54.70814,55.55409,56.19056,31.578796,31.578796,33.28498
CO-HM-1,44.910576,44.875282,44.98764,33.352356,16.933113,14.415066,21.845222,21.845222,21.845222,21.845222,31.358725,31.358725,22.482327,32.301453,27.931349,35.44849,0.0,37.63904,31.954536,34.912773,33.8273,33.8273,34.42375,30.090187,37.46182,35.810833,37.784424,43.148155,43.28886,28.031746,30.126415,29.575392,29.225832,28.902916,35.167915,42.927494,24.793863,24.793863,24.793863,24.793863,41.245564,41.245564,41.245564,36.442142,41.179813,35.181244,19.688807,19.253414,19.253414,15.774364,15.774364,41.99484,35.606014,34.558754,27.226269,29.835209,26.241783,15.63785,15.63785,21.670303,43.84893,43.84893,44.16739,44.16739,31.489635,31.156158,25.71086,22.565573,16.42693,16.42693,13.285549,15.546319,13.606998,16.65223,16.65223,15.853325,18.520164,25.345295,23.762653,19.45445,19.45445,19.952785,23.465263,23.465263,21.394503,20.835781,20.835781,22.232576,29.984324,28.206072,16.164135,39.518406,43.526833,18.675432,18.675432,14.072374,31.153046,43.63025,42.796158,41.837845,25.524363,25.341965,24.337696,25.606976,25.606976,25.183254,48.590137,27.378155,28.827152,26.804192,27.464445,15.58467,15.58467,31.219856,22.090425,13.175929,13.175929,39.59662,21.11393,32.3941,40.930744,28.241123,26.961946,26.757977,40.955013,34.202923,36.77779,30.91722,27.254387,25.08601,41.50297,41.54417,41.54417,42.35651,42.997173,18.97205,18.97205,20.66485
OH-WN-4,67.02797,67.08227,67.19113,47.75868,31.055782,28.485918,36.96969,36.96969,36.96969,36.96969,46.247177,46.247177,37.031914,48.79853,43.0394,50.93704,37.63904,0.0,47.25172,50.575108,49.08489,49.08489,49.807446,45.235977,54.82198,52.639824,54.931683,64.53134,64.678825,46.457687,48.64489,48.216522,45.761524,45.229298,53.854034,63.137165,40.75871,40.75871,40.75871,40.75871,59.266846,59.266846,59.266846,53.277103,59.953964,53.38267,33.92453,33.397125,33.397125,29.820751,29.820751,58.72027,52.95861,52.385098,42.24467,45.086346,40.80866,30.30582,30.30582,35.76451,65.577774,65.577774,65.90885,65.90885,46.39108,45.996307,39.86293,37.21463,31.027445,31.027445,27.22344,29.667648,27.716528,30.797098,30.797098,30.554218,33.217735,40.18975,38.590153,34.19657,34.19657,34.65561,39.29122,39.29122,37.234425,36.684002,36.684002,38.875317,46.359364,44.681362,30.675934,60.141018,64.19519,32.866447,32.866447,28.191214,46.143314,63.97015,60.356094,62.245525,44.73698,44.548916,39.51249,43.10374,43.10374,42.72657,72.258354,45.153008,46.56147,45.07679,45.88749,29.77394,29.77394,46.889614,36.34238,27.254713,27.254713,57.01937,37.35474,49.63494,61.499187,44.769173,43.384365,43.030884,62.548977,51.308628,56.15239,47.210617,43.365208,41.19036,58.6795,58.744118,58.744118,59.76039,60.33505,33.44418,33.44418,35.16127
OH-CV-1,54.651215,54.61918,54.72503,42.653126,26.08138,23.57005,31.06545,31.06545,31.06545,31.06545,40.710266,40.710266,31.725365,41.77288,37.19117,44.871025,31.954536,47.25172,0.0,32.94186,43.259884,43.259884,43.82571,39.421482,47.011604,45.28826,47.314373,52.824966,52.966766,37.398018,39.566227,39.038475,38.665054,38.332737,44.69984,52.573063,34.105762,34.105762,34.105762,34.105762,50.83967,50.83967,50.83967,45.966686,50.801224,44.735462,28.920288,28.473537,28.473537,24.970188,24.970188,51.54653,45.163322,44.013195,36.55156,39.212368,35.50904,24.879766,24.879766,30.904411,53.557373,53.557373,53.882195,53.882195,40.79393,40.438164,34.96836,31.81792,25.656809,25.656809,22.456415,24.75357,22.821814,25.85805,25.85805,25.085814,27.752398,34.618835,33.02988,28.675575,28.675575,29.176416,32.79874,32.79874,30.72348,30.160416,30.160416,31.53208,39.422947,37.636463,25.388836,49.137825,53.16637,27.827728,27.827728,23.22798,40.46544,53.265995,52.363476,51.4839,34.924397,34.739048,33.582993,34.95052,34.95052,34.50551,58.440914,36.7514,38.228264,36.193516,36.88651,24.744259,24.744259,40.62991,31.323154,22.38076,22.38076,49.143295,30.393496,41.867683,50.570007,37.674164,36.37342,36.143738,50.63414,43.703613,46.35047,40.347137,36.65538,34.50636,51.057846,51.07866,51.07866,51.919403,52.54897,28.19854,28.19854,29.898733
OH-CV-4,58.102943,58.072365,58.176407,45.615074,28.979584,26.471706,34.075073,34.075073,34.075073,34.075073,43.702087,43.702087,34.66123,44.773094,40.139507,47.88376,34.912773,50.575108,32.94186,0.0,46.250744,46.250744,46.899128,42.40727,50.22397,48.494102,50.55068,56.201694,56.34838,40.471443,42.63556,42.145576,41.792103,41.448757,47.937637,55.91066,37.083885,37.083885,37.083885,37.083885,54.125305,54.125305,54.125305,49.03678,54.100178,47.969265,31.856441,31.408525,31.408525,27.904224,27.904224,54.75617,48.433186,47.12627,39.536438,42.242386,38.45526,27.835981,27.835981,33.84775,56.978703,56.978703,57.31263,57.31263,43.74983,43.390495,37.916687,34.762833,28.625713,28.625713,25.387465,27.691122,25.7613,28.795317,28.795317,28.028631,30.689098,37.56298,35.973095,31.633385,31.633385,32.12838,35.845787,35.845787,33.77517,33.216656,33.216656,34.53962,42.5364,40.75909,28.320786,52.42816,56.495647,30.712866,30.712866,26.113876,43.420765,56.620373,55.610027,54.82556,38.0605,37.856136,36.54426,38.01658,38.01658,37.592438,62.027565,39.83181,41.31714,39.304527,40.009304,27.650446,27.650446,43.7392,34.253914,25.315176,25.315176,52.357635,33.380398,45.004726,53.900494,40.758575,39.42293,39.169685,54.02173,46.872013,49.62357,43.526833,39.818916,37.668518,54.279743,54.304363,54.304363,55.137386,55.766693,31.138355,31.138355,32.841198
AL-OM-1,56.45926,56.422733,56.5326,44.467995,27.868465,25.348864,32.959053,32.959053,32.959053,32.959053,42.620358,42.620358,33.578182,43.64947,39.06509,46.76313,33.8273,49.08489,43.259884,46.250744,0.0,0.0,28.227638,21.003016,48.375854,46.525616,48.579987,54.644005,54.784405,39.296745,41.45481,40.920017,40.525867,40.19185,46.550835,54.398144,35.991013,35.991013,35.991013,35.991013,52.662388,52.662388,52.662388,47.825264,52.648117,46.60137,30.712507,30.250654,30.250654,26.732609,26.732609,53.387947,46.99652,45.896416,38.46686,41.133957,37.3604,26.713846,26.713846,32.669247,55.371304,55.371304,55.68987,55.68987,42.65483,42.293873,36.74574,33.645267,27.495962,27.495962,24.21116,26.527035,24.593266,27.635828,27.635828,26.902554,29.581034,36.46477,34.86497,30.550034,30.550034,31.033325,34.669018,34.669018,32.590797,32.03045,32.03045,33.41622,41.28084,39.48962,27.214369,50.96648,55.003838,29.63281,29.63281,25.014046,42.35543,55.08187,54.184418,53.301647,36.807705,36.617996,35.50383,36.847313,36.847313,36.41587,60.212086,38.63332,40.11187,38.087788,38.75861,26.548342,26.548342,42.529675,33.12243,24.148546,24.148546,50.97161,32.25385,43.7057,52.39988,39.557095,38.256058,38.037766,52.45798,45.547928,48.19235,42.213795,38.515335,36.375843,52.907326,52.935265,52.935265,53.773693,54.407143,30.026203,30.026203,31.7349
AL-OM-2,56.45926,56.422733,56.5326,44.467995,27.868465,25.348864,32.959053,32.959053,32.959053,32.959053,42.620358,42.620358,33.578182,43.64947,39.06509,46.76313,33.8273,49.08489,43.259884,46.250744,0.0,0.0,28.227638,21.003016,48.375854,46.525616,48.579987,54.644005,54.784405,39.296745,41.45481,40.920017,40.525867,40.19185,46.550835,54.398144,35.991013,35.991013,35.991013,35.991013,52.662388,52.662388,52.662388,47.825264,52.648117,46.60137,30.712507,30.250654,30.250654,26.732609,26.732609,53.387947,46.99652,45.896416,38.46686,41.133957,37.3604,26.713846,26.713846,32.669247,55.371304,55.371304,55.68987,55.68987,42.65483,42.293873,36.74574,33.645267,27.495962,27.495962,24.21116,26.527035,24.593266,27.635828,27.635828,26.902554,29.581034,36.46477,34.86497,30.550034,30.550034,31.033325,34.669018,34.669018,32.590797,32.03045,32.03045,33.41622,41.28084,39.48962,27.214369,50.96648,55.003838,29.63281,29.63281,25.014046,42.35543,55.08187,54.184418,53.301647,36.807705,36.617996,35.50383,36.847313,36.847313,36.41587,60.212086,38.63332,40.11187,38.087788,38.75861,26.548342,26.548342,42.529675,33.12243,24.148546,24.148546,50.97161,32.25385,43.7057,52.39988,39.557095,38.256058,38.037766,52.45798,45.547928,48.19235,42.213795,38.515335,36.375843,52.907326,52.935265,52.935265,53.773693,54.407143,30.026203,30.026203,31.7349
AL-OM-4,57.243397,57.208145,57.317207,45.025406,28.436817,25.919855,33.595722,33.595722,33.595722,33.595722,43.193768,43.193768,34.132717,44.29325,39.656616,47.345074,34.42375,49.807446,43.82571,46.899128,28.227638,28.227638,0.0,21.117674,49.11023,47.253143,49.31275,55.395607,55.533173,39.99939,42.148094,41.61066,41.192802,40.86496,47.24831,55.12945,36.640266,36.640266,36.640266,36.640266,53.36494,53.36494,53.36494,48.47953,53.386173,47.321495,31.274357,30.815294,30.815294,27.298437,27.298437,54.07927,47.693798,46.568,39.054287,41.74417,37.916267,27.280767,27.280767,33.233704,56.142036,56.142036,56.462696,56.462696,43.219074,42.86652,37.307384,34.20976,28.052805,28.052805,24.776917,27.094137,25.159586,28.2011,28.2011,27.476171,30.140892,37.032352,35.443424,31.11285,31.11285,31.601084,35.306232,35.306232,33.23859,32.67952,32.67952,34.068127,41.945366,40.14872,27.78099,51.70083,55.73736,30.19583,30.19583,25.59013,42.9281,55.811848,54.868572,54.036804,37.50502,37.31881,36.09254,37.537926,37.537926,37.107338,61.04855,39.31842,40.80084,38.787415,39.4581,27.117395,27.117395,43.169453,33.6897,24.717138,24.717138,51.643436,32.923058,44.37205,53.13203,40.227676,38.921043,38.674965,53.213284,46.221992,48.889248,42.87305,39.185463,37.0465,53.59408,53.62523,53.62523,54.457996,55.099266,30.585297,30.585297,32.293446
AL-OM-5,52.578075,52.542717,52.654224,40.689274,24.191208,21.670963,29.257269,29.257269,29.257269,29.257269,38.83282,38.83282,29.846155,39.837437,35.3316,42.919247,30.090187,45.235977,39.421482,42.40727,21.003016,21.003016,21.117674,0.0,44.53829,42.68355,44.735878,50.771362,50.911522,35.56341,37.691338,37.13861,36.725464,36.40169,42.716633,50.529003,32.284103,32.284103,32.284103,32.284103,48.796196,48.796196,48.796196,43.98974,48.801365,42.777905,26.985365,26.531977,26.531977,23.024654,23.024654,49.53639,43.14451,42.084843,34.694424,37.340454,33.609463,22.979431,22.979431,28.944677,51.49818,51.49818,51.815166,51.815166,38.881866,38.539818,33.001675,29.914316,23.758852,23.758852,20.515232,22.81327,20.876682,23.921305,23.921305,23.174913,25.855427,32.722603,31.134996,26.827785,26.827785,27.30657,30.916142,30.916142,28.844564,28.283255,28.283255,29.724228,37.477097,35.68422,23.492886,47.12657,51.14174,25.949636,25.949636,21.34455,38.588467,51.21158,50.323364,49.430504,33.045414,32.865986,31.77457,33.121555,33.121555,32.690964,56.312134,34.881157,36.337456,34.328434,34.990868,22.862614,22.862614,38.71921,29.402578,20.43745,20.43745,47.110863,28.567724,39.899372,48.53248,35.762413,34.466022,34.26003,48.5907,41.71633,44.34201,38.38265,34.69802,32.547443,49.065834,49.10449,49.10449,49.926273,50.5687,26.29403,26.29403,28.003119
AL-TIH-1,62.790447,62.777256,62.846813,47.70226,31.048708,28.49436,36.774956,36.774956,36.774956,36.774956,46.09758,46.09758,36.93376,48.271248,42.860905,50.685444,37.46182,54.82198,47.011604,50.22397,48.375854,48.375854,49.11023,44.53829,0.0,31.651365,28.174011,60.62027,60.763645,44.370594,46.54534,46.0605,45.14794,44.716198,51.899673,60.06217,40.172684,40.172684,40.172684,40.172684,57.79387,57.79387,57.79387,52.39607,58.335876,52.16636,33.902782,33.391476,33.391476,29.82576,29.82576,58.223927,52.218033,50.832355,42.05077,44.863083,40.722706,30.187368,30.187368,35.76798,61.525288,61.525288,61.853344,61.853344,46.250862,45.86821,39.866932,37.10711,30.913017,30.913017,27.256811,29.660017,27.713352,30.783434,30.783434,30.432772,33.09459,40.05319,38.45646,34.067513,34.067513,34.532875,38.91463,38.91463,36.82182,36.308773,36.308773,37.861355,45.826218,44.137093,30.597748,56.689224,60.74373,32.854626,32.854626,28.19854,45.984135,60.83176,59.332355,59.039783,42.051697,41.86379,39.30752,41.787533,41.787533,41.422913,67.12896,43.41125,44.889545,43.133644,43.876743,29.759966,29.759966,46.61275,36.325512,27.254303,27.254303,55.7505,36.63332,48.53015,58.159737,44.088795,42.713997,42.380943,58.55131,50.395237,53.622673,46.73782,42.938168,40.796146,57.92924,57.95818,57.95818,58.84302,59.4296,33.36231,33.36231,35.07738
AL-TIH-3,60.459915,60.442623,60.522457,46.09434,29.47346,26.925999,35.128113,35.128113,35.128113,35.128113,44.455727,44.455727,35.323814,46.38316,41.155273,48.919518,35.810833,52.639824,45.28826,48.494102,46.525616,46.525616,47.253143,42.68355,31.651365,0.0,21.942451,58.363434,58.508404,42.323853,44.49717,43.987698,43.334606,42.90966,49.81107,57.890453,38.400806,38.400806,38.400806,38.400806,55.837482,55.837482,55.837482,50.51349,56.17077,50.033424,32.31168,31.811934,31.811934,28.259947,28.259947,56.362946,50.22291,48.82104,40.39419,43.188953,39.10292,28.554815,28.554815,34.19613,59.23567,59.23567,59.56628,59.56628,44.55474,44.18881,38.28285,35.473976,29.300062,29.300062,25.702806,28.086826,26.139198,29.205902,29.205902,28.785393,31.442215,38.375637,36.78655,32.417336,32.417336,32.895016,37.16708,37.16708,35.076984,34.547604,34.547604,36.002434,44.030785,42.302734,28.986074,54.49119,58.538742,31.259909,31.259909,26.622105,44.278812,58.626495,57.290394,56.833675,39.977688,39.790844,37.58971,39.838795,39.838795,39.41037,64.67356,41.477257,42.948193,41.119633,41.860104,28.176895,28.176895,44.910286,34.738354,25.687477,25.687477,53.82217,34.801636,46.58032,55.95874,42.247303,40.87572,40.555683,56.276108,48.467842,51.495712,44.9433,41.201344,39.03969,55.968967,56.015232,56.015232,56.843525,57.47641,31.760416,31.760416,33.473816
AL-TIH-4,62.861355,62.84593,62.919666,48.047997,31.383236,28.834682,37.089645,37.089645,37.089645,37.089645,46.43125,46.43125,37.264008,48.48403,43.163666,50.975594,37.784424,54.931683,47.314373,50.55068,48.579987,48.579987,49.31275,44.735878,28.174011,21.942451,0.0,60.717854,60.86153,44.503902,46.65003,46.168095,45.41229,44.976494,52.046303,60.192993,40.414448,40.414448,40.414448,40.414448,58.016747,58.016747,58.016747,52.617844,58.449158,52.241215,34.243805,33.73549,33.73549,30.173105,30.173105,58.48241,52.41491,50.965675,42.371086,45.181126,41.056965,30.519886,30.519886,36.116524,61.61039,61.61039,61.939762,61.939762,46.560673,46.171837,40.218018,37.435486,31.244453,31.244453,27.610249,30.005316,28.059296,31.126053,31.126053,30.74245,33.407948,40.34353,38.760414,34.39255,34.39255,34.859383,39.182632,39.182632,37.09095,36.574554,36.574554,38.070183,46.08063,44.38462,30.925556,56.77842,60.86009,33.18552,33.18552,28.538662,46.280586,60.94868,59.525036,59.154156,42.17321,41.978645,39.573074,41.95307,41.95307,41.555824,67.15685,43.559246,45.06512,43.26237,44.00613,30.095171,30.095171,46.918327,36.667427,27.602291,27.602291,55.988354,36.85456,48.70377,58.277737,44.309265,42.92063,42.615093,58.631298,50.61445,53.748135,47.018288,43.219307,41.086502,58.14202,58.177685,58.177685,59.050896,59.67619,33.69187,33.69187,35.40685
KY-RR-2,75.56896,75.81862,76.103676,53.230675,36.41739,33.847717,42.471718,42.471718,42.471718,42.471718,51.768818,51.768818,42.485916,54.478745,48.5484,56.523613,43.148155,64.53134,52.824966,56.201694,54.644005,54.644005,55.395607,50.771362,60.62027,58.363434,60.717854,0.0,23.919718,52.923847,55.280468,54.885796,51.484818,50.930656,59.964764,70.064964,46.375984,46.375984,46.375984,46.375984,65.1947,65.1947,65.1947,59.051773,65.96004,59.276707,39.337845,38.785023,38.785023,35.188763,35.188763,64.49056,58.80445,58.4293,47.764988,50.648624,46.27944,35.797295,35.797295,41.1395,74.62935,74.62935,74.96894,74.96894,51.92358,51.521687,45.27527,42.6904,36.49213,36.49213,32.57985,35.055515,33.098442,36.183804,36.183804,36.02535,38.679333,45.688038,44.090324,39.681244,39.681244,40.12887,44.94619,44.94619,42.893253,42.342606,42.342606,44.601826,52.073654,50.42937,36.128902,68.50245,72.57734,38.238445,38.238445,33.56518,51.681416,70.64191,66.2769,69.485954,52.756287,52.555252,45.02529,48.982224,48.982224,48.59696,82.329704,51.42119,52.879475,51.31791,52.168495,35.168877,35.168877,52.51915,41.77584,32.636406,32.636406,62.90644,43.00862,55.487076,68.63235,50.466938,49.076073,48.696404,71.26379,57.14903,63.039383,52.91359,49.03788,46.88003,64.553154,64.6395,64.6395,65.68589,66.26855,38.88938,38.88938,40.60991
KY-RR-5,75.61841,75.90303,76.145874,53.38538,36.5673,33.99934,42.612694,42.612694,42.612694,42.612694,51.91304,51.91304,42.632812,54.61899,48.68197,56.661186,43.28886,64.678825,52.966766,56.34838,54.784405,54.784405,55.533173,50.911522,60.763645,58.508404,60.86153,23.919718,0.0,53.10219,55.417862,54.99964,51.641144,51.093475,60.110283,70.20781,46.51539,46.51539,46.51539,46.51539,65.364815,65.364815,65.364815,59.17698,66.10062,59.42042,39.487312,38.939014,38.939014,35.344887,35.344887,64.637596,58.950806,58.571312,47.90699,50.788708,46.427,35.942066,35.942066,41.296566,74.635796,74.635796,74.98155,74.98155,52.067867,51.665123,45.42828,42.8355,36.64256,36.64256,32.7345,35.211056,33.254917,36.33816,36.33816,36.171528,38.826096,45.82774,44.228577,39.82258,39.82258,40.27246,45.090744,45.090744,43.03692,42.486275,42.486275,44.74613,52.217327,50.57539,36.272995,68.55974,72.61646,38.379047,38.379047,33.710476,51.824997,70.8109,66.44025,69.65766,52.79625,52.60306,45.167828,49.128048,49.128048,48.7406,82.251205,51.55845,53.012394,51.464092,52.309994,35.317688,35.317688,52.66631,41.923286,32.794533,32.794533,63.057796,43.143303,55.63285,68.80092,50.66702,49.22071,48.83517,71.275635,57.272728,63.16374,53.06708,49.181168,47.0311,64.70032,64.789314,64.789314,65.852394,66.43659,39.03452,39.03452,40.756313
