,NC-GSM-2,NC-GSM-4,NC-GSM-5,TX-LL-2,TX-MC-1,TX-MC-3,TX-CR-1,TX-CR-3,TX-CR-4,TX-CR-5,TX-GCS-1,TX-GCS-2,TX-GCS-5,NC-CMSP-5,TX-DP-2,TX-DP-5,CO-HM-1,OH-WN-4,OH-CV-1,OH-CV-4,AL-OM-1,AL-OM-2,AL-OM-4,AL-OM-5,AL-TIH-1,AL-TIH-3,AL-TIH-4,KY-RR-2,KY-RR-5,NY-BM-1,NY-BM-2,NY-BM-5,TX-CB-2,TX-CB-4,SC-AJ-2,AL-CSP-3,DE-WC-1,DE-WC-2,DE-WC-3,DE-WC-5,PA-BE-2,PA-BE-3,PA-BE-4,PA-SGL-2,MD-SERC-1,MD-SERC-3,MN-BR-1,MN-BR-2,MN-BR-3,MN-BR-4,MN-BR-5,MN-MS-3,MN-MS-5,OH-MSF-2,PA-RC-2,PA-RC-3,IN-SS-1,SD-AS-2,SD-AS-3,IL-CL-2,GA-CNF-1,GA-CNF-2,GA-CNF-4,GA-CNF-5,SD-OL-3,SD-OL-4,IL-KS-1,SD-LH-1,SD-SS-1,SD-SS-2,WA-SB-4,ND-KS-1,ND-KS-2,ND-KS-3,ND-KS-4,ND-AN-1,ND-AN-2,ND-AN-4,ND-AN-5,ND-WL-1,ND-WL-2,ND-WL-5,ND-LL-1,ND-LL-2,ND-LL-3,ND-LL-4,ND-LL-5,ND-LI-5,ND-LN-4,ND-LN-5,ND-LZ-5,AL-BN-2,AL-BN-4,TN-WR-2,TN-WR-4,TN-WR-5,IN-WM-5,TN-CS-1,GA-RT-4,AL-TN-2,WY-TB-2,WY-TB-3,MT-CG-3,MT-PC-1,MT-PC-3,MT-PC-4,MI-PR-2,WY-BH-4,WY-BH-5,SD-BH-2,SD-BH-5,MN-CF-1,MN-CF-2,MN-LR-5,IA-RR-4,IA-CS-4,IA-CS-5,TX-SH-2,FL-WP-3,KS-MS-2,FL-BS-3,TX-MN-2,TX-MN-4,TX-MN-5,LA-HN-5,MN-SD-5,MN-RR-3,LA-LO-1,LA-LO-2,LA-LO-3,LA-AN-1,LA-AN-2,LA-AN-3,LA-AN-4,LA-AN-5,MN-MH-3,MN-MH-4,MN-MH-5
NC-GSM-2,0.0,24.405313,24.405313,38.960815,38.569,38.569,44.232777,44.232777,44.232777,44.232777,50.702927,50.702927,42.353405,53.786453,47.814323,51.672157,46.23345,61.201473,49.98641,52.59999,55.339176,55.339176,55.339176,55.339176,61.09589,58.250942,58.250942,67.44126,67.44126,55.821003,55.821003,58.253918,49.34327,49.34327,58.36079,68.59171,47.364697,47.364697,47.364697,47.364697,64.94395,64.94395,64.94395,61.277752,61.76349,61.76349,38.297626,38.297626,38.297626,35.089695,35.089695,56.058445,57.83183,53.41362,47.011105,48.099636,43.376297,38.198868,38.198868,34.40099,67.89321,67.89321,67.326225,67.326225,39.815872,40.153942,41.34169,36.051422,36.609333,36.609333,34.51459,35.9744,35.189297,35.9744,35.9744,39.71025,39.71025,39.942745,39.942745,41.793747,41.793747,41.052105,42.27363,42.27363,42.413094,42.413094,42.413094,46.670475,48.880417,48.880417,42.032883,65.50202,67.23278,38.88952,38.88952,38.88952,44.764874,65.87209,62.83468,67.77564,53.754135,53.479523,49.65544,53.041172,53.041172,53.041172,86.40178,52.176315,54.526386,53.55536,55.37428,39.999157,39.999157,50.375114,37.384804,34.55475,34.55475,56.034348,50.448917,56.494164,67.34506,50.024513,49.185883,49.185883,68.27053,54.91247,62.053905,57.607986,54.134735,53.255787,57.93061,57.93061,57.93061,61.359272,61.359272,38.2463,38.2463,38.2463
NC-GSM-4,24.405313,0.0,0.0,39.183964,38.795067,38.795067,44.459694,44.459694,44.459694,44.459694,50.901314,50.901314,42.53635,53.98931,48.045444,51.904423,46.46046,61.45646,50.22489,52.82093,55.56377,55.56377,55.56377,55.56377,61.34829,58.48802,58.48802,67.72032,67.72032,56.092747,56.092747,58.580864,49.574657,49.574657,58.640446,68.92703,47.592106,47.592106,47.592106,47.592106,65.18514,65.18514,65.18514,61.529785,61.99498,61.99498,38.47167,38.47167,38.47167,35.25926,35.25926,56.27353,58.049816,53.65656,47.23669,48.32662,43.582527,38.40541,38.40541,34.565613,68.25833,68.25833,68.693016,68.693016,40.024235,40.363976,41.50817,36.256237,36.809437,36.809437,34.687984,36.145363,35.360237,36.145363,36.145363,39.93026,39.93026,40.162098,40.162098,42.016926,42.016926,41.28735,42.48632,42.48632,42.62971,42.62971,42.62971,46.905804,49.107372,49.107372,42.255653,65.90125,67.57492,39.108215,39.108215,39.108215,44.987816,65.885,63.06789,68.04039,54.096886,53.819675,49.952366,53.357777,53.357777,53.357777,86.87314,52.485935,54.863617,53.787495,55.674,40.22291,40.22291,50.599697,37.56392,34.729763,34.729763,56.263035,50.677994,56.72289,67.67326,50.282066,49.41836,49.41836,68.58922,55.148697,62.297256,57.835445,54.361988,53.478977,58.15612,58.15612,58.15612,61.585434,61.585434,38.451206,38.451206,38.451206
NC-GSM-5,24.405313,0.0,0.0,39.183964,38.795067,38.795067,44.459694,44.459694,44.459694,44.459694,50.901314,50.901314,42.53635,53.98931,48.045444,51.904423,46.46046,61.45646,50.22489,52.82093,55.56377,55.56377,55.56377,55.56377,61.34829,58.48802,58.48802,67.72032,67.72032,56.092747,56.092747,58.580864,49.574657,49.574657,58.640446,68.92703,47.592106,47.592106,47.592106,47.592106,65.18514,65.18514,65.18514,61.529785,61.99498,61.99498,38.47167,38.47167,38.47167,35.25926,35.25926,56.27353,58.049816,53.65656,47.23669,48.32662,43.582527,38.40541,38.40541,34.565613,68.25833,68.25833,68.693016,68.693016,40.024235,40.363976,41.50817,36.256237,36.809437,36.809437,34.687984,36.145363,35.360237,36.145363,36.145363,39.93026,39.93026,40.162098,40.162098,42.016926,42.016926,41.28735,42.48632,42.48632,42.62971,42.62971,42.62971,46.905804,49.107372,49.107372,42.255653,65.90125,67.57492,39.108215,39.108215,39.108215,44.987816,65.885,63.06789,68.04039,54.096886,53.819675,49.952366,53.357777,53.357777,53.357777,86.87314,52.485935,54.863617,53.787495,55.674,40.22291,40.22291,50.599697,37.56392,34.729763,34.729763,56.263035,50.677994,56.72289,67.67326,50.282066,49.41836,49.41836,68.58922,55.148697,62.297256,57.835445,54.361988,53.478977,58.15612,58.15612,58.15612,61.585434,61.585434,38.451206,38.451206,38.451206
TX-LL-2,38.960815,39.183964,39.183964,0.0,12.223013,12.223013,17.08958,17.08958,17.08958,17.08958,23.725277,23.725277,15.801671,24.143076,19.163387,23.121063,18.999207,31.540886,22.310472,24.976435,25.275684,25.275684,25.275684,25.275684,29.98844,27.3987,27.3987,36.523815,36.523815,24.112001,24.112001,26.364277,21.475998,21.475998,27.906214,35.498436,19.66445,19.66445,19.66445,19.66445,33.22328,33.22328,33.22328,28.687006,32.031773,32.031773,13.178284,13.178284,13.178284,10.085877,10.085877,29.444965,30.873034,24.708096,19.631416,20.629734,17.623299,12.628441,12.628441,9.577517,37.267982,37.267982,37.94944,37.94944,14.182568,14.459274,16.313698,10.535748,11.134393,11.134393,9.568173,10.96778,10.180888,10.96778,10.96778,13.4470215,13.4470215,13.648522,13.648522,14.318431,14.318431,13.59579,16.29727,16.29727,16.27472,16.27472,16.27472,17.764486,21.292393,21.292393,15.415759,32.955906,34.682774,12.961566,12.961566,12.961566,17.978119,38.071087,33.484455,34.971596,21.361818,21.08774,20.1706,21.481472,21.481472,21.481472,47.932617,20.444387,22.759785,21.785055,23.608042,13.353307,13.353307,23.13227,12.087537,9.370605,9.370605,28.184782,20.184456,27.407654,33.94448,21.382208,20.728134,20.728134,35.777447,26.098656,30.71751,28.914463,25.616632,24.827314,30.340025,30.340025,30.340025,33.42627,33.42627,12.694998,12.694998,12.694998
TX-MC-1,38.569,38.795067,38.795067,12.223013,0.0,0.0,12.252284,12.252284,12.252284,12.252284,17.552711,17.552711,8.920924,23.510494,18.458605,22.40337,18.185081,30.971373,21.485493,24.127207,24.656044,24.656044,24.656044,24.656044,29.470636,26.879347,26.879347,36.078976,36.078976,23.566612,23.566612,25.807936,20.690401,20.690401,27.331182,35.002945,18.923332,18.923332,18.923332,18.923332,32.713398,32.713398,32.713398,28.23922,31.485966,31.485966,12.0029545,12.0029545,12.0029545,8.949066,8.949066,28.406977,29.851654,23.959625,18.782722,19.796196,16.51685,11.503217,11.503217,8.434107,36.914276,36.914276,37.587933,37.587933,13.085702,13.37132,15.138166,9.441291,9.987591,9.987591,8.467369,9.825426,9.041569,9.825426,9.825426,12.5140505,12.5140505,12.735688,12.735688,13.514204,13.514204,12.76693,15.2002535,15.2002535,15.208787,15.208787,15.208787,17.03144,20.495792,20.495792,14.5437975,32.50811,34.2189,12.0114,12.0114,12.0114,17.10006,37.577755,32.87937,34.59839,20.751444,20.520733,19.465776,20.844,20.844,20.844,47.9834,19.845963,22.143236,21.196255,23.020878,12.507965,12.507965,22.288126,10.943069,8.241486,8.241486,27.404531,19.625193,26.693027,33.457138,20.65847,20.004932,20.004932,35.32517,25.394476,30.209465,28.257778,24.960756,24.194809,29.528778,29.528778,29.528778,32.655003,32.655003,11.585803,11.585803,11.585803
TX-MC-3,38.569,38.795067,38.795067,12.223013,0.0,0.0,12.252284,12.252284,12.252284,12.252284,17.552711,17.552711,8.920924,23.510494,18.458605,22.40337,18.185081,30.971373,21.485493,24.127207,24.656044,24.656044,24.656044,24.656044,29.470636,26.879347,26.879347,36.078976,36.078976,23.566612,23.566612,25.807936,20.690401,20.690401,27.331182,35.002945,18.923332,18.923332,18.923332,18.923332,32.713398,32.713398,32.713398,28.23922,31.485966,31.485966,12.0029545,12.0029545,12.0029545,8.949066,8.949066,28.406977,29.851654,23.959625,18.782722,19.796196,16.51685,11.503217,11.503217,8.434107,36.914276,36.914276,37.587933,37.587933,13.085702,13.37132,15.138166,9.441291,9.987591,9.987591,8.467369,9.825426,9.041569,9.825426,9.825426,12.5140505,12.5140505,12.735688,12.735688,13.514204,13.514204,12.76693,15.2002535,15.2002535,15.208787,15.208787,15.208787,17.03144,20.495792,20.495792,14.5437975,32.50811,34.2189,12.0114,12.0114,12.0114,17.10006,37.577755,32.87937,34.59839,20.751444,20.520733,19.465776,20.844,20.844,20.844,47.9834,19.845963,22.143236,21.196255,23.020878,12.507965,12.507965,22.288126,10.943069,8.241486,8.241486,27.404531,19.625193,26.693027,33.457138,20.65847,20.004932,20.004932,35.32517,25.394476,30.209465,28.257778,24.960756,24.194809,29.528778,29.528778,29.528778,32.655003,32.655003,11.585803,11.585803,11.585803
TX-CR-1,44.232777,44.459694,44.459694,17.08958,12.252284,12.252284,0.0,0.0,0.0,0.0,22.430546,22.430546,14.511115,28.950891,23.786623,27.743864,23.433617,36.445724,26.76523,29.44128,30.144604,30.144604,30.144604,30.144604,35.048508,32.4185,32.4185,41.665752,41.665752,29.086086,29.086086,31.35565,25.963634,25.963634,32.831486,40.723083,24.188412,24.188412,24.188412,24.188412,38.346313,38.346313,38.346313,33.876797,36.985554,36.985554,16.838232,16.838232,16.838232,13.711398,13.711398,33.550262,35.02135,29.269485,23.987537,25.023827,21.477678,16.365835,16.365835,13.190701,42.624268,42.624268,43.336727,43.336727,17.948215,18.246666,19.972036,14.257819,14.842235,14.842235,13.140679,14.584572,13.789367,14.584572,14.584572,17.455444,17.455444,17.669754,17.669754,18.585072,18.585072,17.830736,20.244623,20.244623,20.276987,20.276987,20.276987,22.327837,25.721838,25.721838,19.482197,38.108234,39.81402,16.915447,16.915447,16.915447,22.130316,43.272057,38.372505,40.284027,26.246237,25.981188,24.84927,26.299318,26.299318,26.299318,54.10411,25.29009,27.604744,26.639954,28.481771,17.515951,17.515951,27.50681,15.808597,13.040766,13.040766,32.722874,25.09847,32.031807,39.1864,26.022085,25.340399,25.340399,41.077618,30.74691,35.753452,33.7279,30.424402,29.598232,34.796566,34.796566,34.796566,37.933933,37.933933,16.443031,16.443031,16.443031
TX-CR-3,44.232777,44.459694,44.459694,17.08958,12.252284,12.252284,0.0,0.0,0.0,0.0,22.430546,22.430546,14.511115,28.950891,23.786623,27.743864,23.433617,36.445724,26.76523,29.44128,30.144604,30.144604,30.144604,30.144604,35.048508,32.4185,32.4185,41.665752,41.665752,29.086086,29.086086,31.35565,25.963634,25.963634,32.831486,40.723083,24.188412,24.188412,24.188412,24.188412,38.346313,38.346313,38.346313,33.876797,36.985554,36.985554,16.838232,16.838232,16.838232,13.711398,13.711398,33.550262,35.02135,29.269485,23.987537,25.023827,21.477678,16.365835,16.365835,13.190701,42.624268,42.624268,43.336727,43.336727,17.948215,18.246666,19.972036,14.257819,14.842235,14.842235,13.140679,14.584572,13.789367,14.584572,14.584572,17.455444,17.455444,17.669754,17.669754,18.585072,18.585072,17.830736,20.244623,20.244623,20.276987,20.276987,20.276987,22.327837,25.721838,25.721838,19.482197,38.108234,39.81402,16.915447,16.915447,16.915447,22.130316,43.272057,38.372505,40.284027,26.246237,25.981188,24.84927,26.299318,26.299318,26.299318,54.10411,25.29009,27.604744,26.639954,28.481771,17.515951,17.515951,27.50681,15.808597,13.040766,13.040766,32.722874,25.09847,32.031807,39.1864,26.022085,25.340399,25.340399,41.077618,30.74691,35.753452,33.7279,30.424402,29.598232,34.796566,34.796566,34.796566,37.933933,37.933933,16.443031,16.443031,16.443031
TX-CR-4,44.232777,44.459694,44.459694,17.08958,12.252284,12.252284,0.0,0.0,0.0,0.0,22.430546,22.430546,14.511115,28.950891,23.786623,27.743864,23.433617,36.445724,26.76523,29.44128,30.144604,30.144604,30.144604,30.144604,35.048508,32.4185,32.4185,41.665752,41.665752,29.086086,29.086086,31.35565,25.963634,25.963634,32.831486,40.723083,24.188412,24.188412,24.188412,24.188412,38.346313,38.346313,38.346313,33.876797,36.985554,36.985554,16.838232,16.838232,16.838232,13.711398,13.711398,33.550262,35.02135,29.269485,23.987537,25.023827,21.477678,16.365835,16.365835,13.190701,42.624268,42.624268,43.336727,43.336727,17.948215,18.246666,19.972036,14.257819,14.842235,14.842235,13.140679,14.584572,13.789367,14.584572,14.584572,17.455444,17.455444,17.669754,17.669754,18.585072,18.585072,17.830736,20.244623,20.244623,20.276987,20.276987,20.276987,22.327837,25.721838,25.721838,19.482197,38.108234,39.81402,16.915447,16.915447,16.915447,22.130316,43.272057,38.372505,40.284027,26.246237,25.981188,24.84927,26.299318,26.299318,26.299318,54.10411,25.29009,27.604744,26.639954,28.481771,17.515951,17.515951,27.50681,15.808597,13.040766,13.040766,32.722874,25.09847,32.031807,39.1864,26.022085,25.340399,25.340399,41.077618,30.74691,35.753452,33.7279,30.424402,29.598232,34.796566,34.796566,34.796566,37.933933,37.933933,16.443031,16.443031,16.443031
TX-CR-5,44.232777,44.459694,44.459694,17.08958,12.252284,12.252284,0.0,0.0,0.0,0.0,22.430546,22.430546,14.511115,28.950891,23.786623,27.743864,23.433617,36.445724,26.76523,29.44128,30.144604,30.144604,30.144604,30.144604,35.048508,32.4185,32.4185,41.665752,41.665752,29.086086,29.086086,31.35565,25.963634,25.963634,32.831486,40.723083,24.188412,24.188412,24.188412,24.188412,38.346313,38.346313,38.346313,33.876797,36.985554,36.985554,16.838232,16.838232,16.838232,13.711398,13.711398,33.550262,35.02135,29.269485,23.987537,25.023827,21.477678,16.365835,16.365835,13.190701,42.624268,42.624268,43.336727,43.336727,17.948215,18.246666,19.972036,14.257819,14.842235,14.842235,13.140679,14.584572,13.789367,14.584572,14.584572,17.455444,17.455444,17.669754,17.669754,18.585072,18.585072,17.830736,20.244623,20.244623,20.276987,20.276987,20.276987,22.327837,25.721838,25.721838,19.482197,38.108234,39.81402,16.915447,16.915447,16.915447,22.130316,43.272057,38.372505,40.284027,26.246237,25.981188,24.84927,26.299318,26.299318,26.299318,54.10411,25.29009,27.604744,26.639954,28.481771,17.515951,17.515951,27.50681,15.808597,13.040766,13.040766,32.722874,25.09847,32.031807,39.1864,26.022085,25.340399,25.340399,41.077618,30.74691,35.753452,33.7279,30.424402,29.598232,34.796566,34.796566,34.796566,37.933933,37.933933,16.443031,16.443031,16.443031
TX-GCS-1,50.702927,50.901314,50.901314,23.725277,17.552711,17.552711,22.430546,22.430546,22.430546,22.430546,0.0,0.0,14.290935,35.44051,30.267305,34.267548,29.992363,42.9661,33.291527,35.992634,36.59684,36.59684,36.59684,36.59684,41.517937,38.888573,38.888573,48.161076,48.161076,35.546665,35.546665,37.81675,32.567696,32.567696,39.325512,47.194042,30.71563,30.71563,30.71563,30.71563,44.796345,44.796345,44.796345,40.307243,43.51824,43.51824,23.491192,23.491192,23.491192,20.352749,20.352749,40.20485,41.682686,35.849655,30.567087,31.60479,28.167866,23.035484,23.035484,19.830385,49.06843,49.06843,49.78451,49.78451,24.620485,24.922525,26.655697,20.91919,21.517641,21.517641,19.748016,21.217249,20.427801,21.217249,21.217249,24.081602,24.081602,24.296936,24.296936,25.142141,25.142141,24.379375,26.891901,26.891901,26.902658,26.902658,26.902658,28.847252,32.335064,32.335064,26.08332,44.57696,46.299683,23.517862,23.517862,23.517862,28.786297,49.705944,44.951363,46.741207,32.682014,32.440216,31.336239,32.778538,32.778538,32.778538,60.377228,31.74445,34.05453,33.10576,34.966087,24.111717,24.111717,34.131523,22.464684,19.693039,19.693039,39.31733,31.526,38.606613,45.61196,32.550575,31.882273,31.882273,47.533142,37.332775,42.25469,40.267418,36.937904,36.14021,41.410107,41.410107,41.410107,44.55862,44.55862,23.107105,23.107105,23.107105
TX-GCS-2,50.702927,50.901314,50.901314,23.725277,17.552711,17.552711,22.430546,22.430546,22.430546,22.430546,0.0,0.0,14.290935,35.44051,30.267305,34.267548,29.992363,42.9661,33.291527,35.992634,36.59684,36.59684,36.59684,36.59684,41.517937,38.888573,38.888573,48.161076,48.161076,35.546665,35.546665,37.81675,32.567696,32.567696,39.325512,47.194042,30.71563,30.71563,30.71563,30.71563,44.796345,44.796345,44.796345,40.307243,43.51824,43.51824,23.491192,23.491192,23.491192,20.352749,20.352749,40.20485,41.682686,35.849655,30.567087,31.60479,28.167866,23.035484,23.035484,19.830385,49.06843,49.06843,49.78451,49.78451,24.620485,24.922525,26.655697,20.91919,21.517641,21.517641,19.748016,21.217249,20.427801,21.217249,21.217249,24.081602,24.081602,24.296936,24.296936,25.142141,25.142141,24.379375,26.891901,26.891901,26.902658,26.902658,26.902658,28.847252,32.335064,32.335064,26.08332,44.57696,46.299683,23.517862,23.517862,23.517862,28.786297,49.705944,44.951363,46.741207,32.682014,32.440216,31.336239,32.778538,32.778538,32.778538,60.377228,31.74445,34.05453,33.10576,34.966087,24.111717,24.111717,34.131523,22.464684,19.693039,19.693039,39.31733,31.526,38.606613,45.61196,32.550575,31.882273,31.882273,47.533142,37.332775,42.25469,40.267418,36.937904,36.14021,41.410107,41.410107,41.410107,44.55862,44.55862,23.107105,23.107105,23.107105
TX-GCS-5,42.353405,42.53635,42.53635,15.801671,8.920924,8.920924,14.511115,14.511115,14.511115,14.511115,14.290935,14.290935,0.0,27.26787,22.162914,26.123081,21.88854,34.69159,25.162832,27.828775,28.400194,28.400194,28.400194,28.400194,33.253002,30.645596,30.645596,39.839138,39.839138,27.280655,27.280655,29.55388,24.42116,24.42116,31.093637,38.82932,22.622808,22.622808,22.622808,22.622808,36.46213,36.46213,36.46213,31.978434,35.273598,35.273598,15.5842,15.5842,15.5842,12.471202,12.471202,32.06968,33.53438,27.687796,22.460886,23.478746,20.150648,15.10115,15.10115,11.954154,40.684998,40.684998,41.378216,41.378216,16.685007,16.975487,18.714113,13.000359,13.58077,13.58077,11.914049,13.347194,12.555011,13.347194,13.347194,16.140814,16.140814,16.353323,16.353323,17.15135,17.15135,16.415943,18.847883,18.847883,18.848793,18.848793,18.848793,20.741676,24.198391,24.198391,18.171698,36.291714,38.01659,15.581768,15.581768,15.581768,20.75786,41.430798,36.66234,38.428944,24.499353,24.263992,23.20895,24.566416,24.566416,24.566416,51.783863,23.563383,25.849155,24.894688,26.726124,16.14359,16.14359,26.006205,14.531552,11.780333,11.780333,31.149601,23.317354,30.396605,37.268158,24.385855,23.725986,23.725986,39.175297,29.14727,33.935078,32.02245,28.739721,27.897789,33.241463,33.241463,33.241463,36.374474,36.374474,15.181187,15.181187,15.181187
NC-CMSP-5,53.786453,53.98931,53.98931,24.143076,23.510494,23.510494,28.950891,28.950891,28.950891,28.950891,35.44051,35.44051,27.26787,0.0,31.830412,35.790016,30.96302,44.86704,34.538963,37.180084,38.564663,38.564663,38.564663,38.564663,43.81872,41.08016,41.08016,50.31022,50.31022,38.271008,38.271008,40.583996,33.74857,33.74857,37.16387,50.282555,31.917744,31.917744,31.917744,31.917744,47.715065,47.715065,47.715065,43.306755,45.379917,45.379917,23.734184,23.734184,23.734184,20.572515,20.572515,40.85263,42.429104,37.49777,31.598362,32.672657,28.530779,23.385942,23.385942,19.99952,52.202206,52.202206,52.87117,52.87117,24.98922,25.2962,26.85222,21.255041,21.827251,21.827251,19.99038,21.452398,20.660816,21.452398,21.452398,24.652143,24.652143,24.874113,24.874113,26.270725,26.270725,25.497253,27.330664,27.330664,27.409843,27.409843,27.409843,30.645588,33.4352,33.4352,26.912666,47.42946,49.131435,23.995798,23.995798,23.995798,29.561605,52.64429,46.704556,49.6391,35.424366,35.076122,33.10433,35.364235,35.364235,35.364235,64.95206,34.259018,36.614258,35.732536,37.556683,24.844782,24.844782,34.98911,22.729591,19.940096,19.940096,40.461857,33.92707,40.38251,48.678272,34.090176,33.344463,33.344463,50.476444,38.953083,44.89874,41.77617,38.38647,37.53985,42.351284,42.351284,42.351284,45.60133,45.60133,23.452532,23.452532,23.452532
TX-DP-2,47.814323,48.045444,48.045444,19.163387,18.458605,18.458605,23.786623,23.786623,23.786623,23.786623,30.267305,30.267305,22.162914,31.830412,0.0,11.744774,25.739168,39.439655,29.305101,31.90437,33.146782,33.146782,33.146782,33.146782,38.34439,35.64182,35.64182,44.83966,44.83966,32.2774,32.2774,34.584488,28.518803,28.518803,36.012047,44.188206,26.729593,26.729593,26.729593,26.729593,41.710777,41.710777,41.710777,37.222603,40.055824,40.055824,18.871666,18.871666,18.871666,15.741969,15.741969,35.76495,37.361347,32.05617,26.393084,27.443577,23.564556,18.436888,18.436888,15.218118,46.183243,46.183243,46.89443,46.89443,20.030535,20.329954,22.008575,16.32386,16.902197,16.902197,15.136522,16.60873,15.81597,16.60873,16.60873,19.568474,19.568474,19.79079,19.79079,21.039482,21.039482,20.28091,22.342123,22.342123,22.398708,22.398708,22.398708,25.080376,28.181885,28.181885,21.764519,41.484585,43.17913,19.007755,19.007755,19.007755,24.398863,46.712727,41.274242,43.68916,29.423128,29.152802,27.74111,29.38095,29.38095,29.38095,58.51432,28.345142,30.664528,29.753008,31.61686,19.713923,19.713923,29.775198,17.86214,15.088856,15.088856,35.136543,28.189333,34.839672,42.677963,23.457779,23.008736,23.008736,44.55285,33.544746,39.041344,36.44762,33.103603,32.24452,37.165768,37.165768,37.165768,40.399445,40.399445,18.51015,18.51015,18.51015
TX-DP-5,51.672157,51.904423,51.904423,23.121063,22.40337,22.40337,27.743864,27.743864,27.743864,27.743864,34.267548,34.267548,26.123081,35.790016,11.744774,0.0,29.713337,43.359074,33.285637,35.909492,37.059814,37.059814,37.059814,37.059814,42.293247,39.54498,39.54498,48.740902,48.740902,36.17297,36.17297,38.487953,32.469727,32.469727,39.916634,48.092976,30.680122,30.680122,30.680122,30.680122,45.626198,45.626198,45.626198,41.129387,43.95474,43.95474,22.856335,22.856335,22.856335,19.723106,19.723106,39.79545,41.352264,35.984432,30.3793,31.408342,27.56001,22.415552,22.415552,19.199194,50.066254,50.066254,50.7967,50.7967,24.006153,24.30833,26.025621,20.294333,20.882078,20.882078,19.094368,20.584736,19.793112,20.584736,20.584736,23.542208,23.542208,23.761547,23.761547,24.974241,24.974241,24.21379,26.323492,26.323492,26.377506,26.377506,26.377506,29.00496,32.176186,32.176186,25.725468,45.363934,47.092335,22.952578,22.952578,22.952578,28.377975,50.580666,45.242554,47.575085,33.275055,33.006634,31.655516,33.254143,33.254143,33.254143,62.292458,32.225243,34.563503,33.633263,35.506817,23.66679,23.66679,33.766766,21.846104,19.070301,19.070301,39.070755,32.074978,38.769115,46.533943,27.78388,27.184534,27.184534,48.444427,37.45689,42.93931,40.40874,37.068493,36.19346,41.163074,41.163074,41.163074,44.400986,44.400986,22.482931,22.482931,22.482931
CO-HM-1,46.23345,46.46046,46.46046,18.999207,18.185081,18.185081,23.433617,23.433617,23.433617,23.433617,29.992363,29.992363,21.88854,30.96302,25.739168,29.713337,0.0,38.43372,28.786432,31.4494,32.250893,32.250893,32.250893,32.250893,37.10966,34.51476,34.51476,43.657837,43.657837,31.061699,31.061699,33.33301,27.967972,27.967972,34.86919,42.72575,26.15205,26.15205,26.15205,26.15205,40.331364,40.331364,40.331364,35.834812,38.95377,38.95377,18.688278,18.688278,18.688278,15.547719,15.547719,35.44224,36.942097,31.223028,26.007404,27.01678,23.35172,18.24004,18.24004,15.026223,44.63148,44.63148,45.3452,45.3452,19.820955,20.117216,21.820404,16.120085,16.706633,16.706633,14.959964,16.42181,15.628191,16.42181,16.42181,19.357492,19.357492,19.578617,19.578617,20.517042,20.517042,19.76233,22.118898,22.118898,22.142733,22.142733,22.142733,24.263172,27.704485,27.704485,21.454306,40.116077,41.805927,18.785563,18.785563,18.785563,24.077362,45.24824,40.357944,42.27773,28.211351,27.943691,26.811527,28.257193,28.257193,28.257193,56.170044,27.251791,29.563253,28.607092,30.45526,19.435986,19.435986,29.460484,17.66243,14.886204,14.886204,34.670383,27.068016,33.98619,41.145374,27.97874,27.297476,27.297476,43.080788,32.740967,37.74251,35.730785,32.413216,31.583376,36.76501,36.76501,36.76501,39.921722,39.921722,18.316687,18.316687,18.316687
OH-WN-4,61.201473,61.45646,61.45646,31.540886,30.971373,30.971373,36.445724,36.445724,36.445724,36.445724,42.9661,42.9661,34.69159,44.86704,39.439655,43.359074,38.43372,0.0,42.046715,44.69592,46.29662,46.29662,46.29662,46.29662,51.545597,48.826538,48.826538,58.252228,58.252228,45.352627,45.352627,47.713253,41.3537,41.3537,49.18464,57.604713,39.448174,39.448174,39.448174,39.448174,54.892357,54.892357,54.892357,50.44574,53.08043,53.08043,31.106441,31.106441,31.106441,27.931314,27.931314,48.469543,50.16159,44.221172,39.14271,40.185005,35.995075,30.83009,30.83009,27.334536,59.618706,59.618706,60.33084,60.33084,32.433125,32.750965,34.222965,28.694464,29.269894,29.269894,27.309422,28.803173,28.014128,28.803173,28.803173,32.103706,32.103706,32.331894,32.331894,33.679993,33.679993,32.932213,34.821266,34.821266,34.912872,34.912872,34.912872,37.90979,40.912846,40.912846,34.288048,54.8077,56.541706,31.417173,31.417173,31.417173,37.0355,60.05853,54.291206,57.094383,42.51105,42.241085,40.61019,42.478798,42.478798,42.478798,72.19281,41.319668,43.66449,42.75142,44.638836,32.303146,32.303146,42.556168,30.149424,27.340036,27.340036,48.076862,40.977673,47.732334,56.06122,41.59435,40.83424,40.83424,57.976894,46.59176,52.201042,49.43165,46.058464,45.191624,50.066307,50.066307,50.066307,53.365067,53.365067,30.886093,30.886093,30.886093
OH-CV-1,49.98641,50.22489,50.22489,22.310472,21.485493,21.485493,26.76523,26.76523,26.76523,26.76523,33.291527,33.291527,25.162832,34.538963,29.305101,33.285637,28.786432,42.046715,0.0,20.939363,35.76378,35.76378,35.76378,35.76378,40.784554,38.15521,38.15521,47.33854,47.33854,34.77292,34.77292,37.04968,31.453434,31.453434,38.534744,46.51071,29.662746,29.662746,29.662746,29.662746,44.095592,44.095592,44.095592,39.647243,42.59736,42.59736,21.943855,21.943855,21.943855,18.797638,18.797638,38.812176,40.34036,32.75315,29.424154,30.492983,26.639679,21.526243,21.526243,18.245373,48.423122,48.423122,49.140064,49.140064,23.110605,23.41139,25.085958,19.400606,19.9854,19.9854,18.227533,19.6733,18.882696,19.6733,19.6733,22.671396,22.671396,22.88462,22.88462,23.992407,23.992407,23.198473,25.410234,25.410234,25.45596,25.45596,25.45596,27.841164,31.190071,31.190071,24.841177,43.84736,45.555523,22.07201,22.07201,22.07201,27.455654,48.995354,43.998917,46.056732,31.91949,31.649445,30.42861,31.963432,31.963432,31.963432,60.14975,30.940617,33.271664,32.284695,34.14481,22.761026,22.761026,32.881405,20.907734,18.13579,18.13579,38.169804,30.77046,37.611843,44.912945,31.558249,30.857111,30.857111,46.844627,36.321457,41.476635,39.416607,36.041454,35.1818,40.239555,40.239555,40.239555,43.417004,43.417004,21.595852,21.595852,21.595852
OH-CV-4,52.59999,52.82093,52.82093,24.976435,24.127207,24.127207,29.44128,29.44128,29.44128,29.44128,35.992634,35.992634,27.828775,37.180084,31.90437,35.909492,31.4494,44.69592,20.939363,0.0,38.368134,38.368134,38.368134,38.368134,43.349392,40.728508,40.728508,49.94006,49.94006,37.328754,37.328754,39.62934,34.09305,34.09305,41.17683,49.079094,32.26981,32.26981,32.26981,32.26981,46.70901,46.70901,46.70901,42.24543,45.19946,45.19946,24.629179,24.629179,24.629179,21.481594,21.481594,41.53315,43.040184,35.51367,32.083305,33.153366,29.337889,24.224438,24.224438,20.93084,50.983883,50.983883,51.721943,51.721943,25.806711,26.109053,27.778101,22.098011,22.687511,22.687511,20.90902,22.354868,21.566395,22.354868,22.354868,25.357088,25.357088,25.568932,25.568932,26.642458,26.642458,25.874119,28.119518,28.119518,28.1616,28.1616,28.1616,30.4624,33.887177,33.887177,27.496384,46.462807,48.126926,24.758501,24.758501,24.758501,30.153086,51.60875,46.66394,48.647346,34.504208,34.21464,33.031998,34.51469,34.51469,34.51469,62.663906,33.53136,35.85029,34.86562,36.733673,25.446695,25.446695,35.58054,23.603472,20.830362,20.830362,40.79912,33.38247,40.23915,47.516872,34.191696,33.49094,33.49094,49.42841,38.96239,44.08847,42.033314,38.707287,37.83816,42.920807,42.920807,42.920807,46.078186,46.078186,24.288078,24.288078,24.288078
AL-OM-1,55.339176,55.56377,55.56377,25.275684,24.656044,24.656044,30.144604,30.144604,30.144604,30.144604,36.59684,36.59684,28.400194,38.564663,33.146782,37.059814,32.250893,46.29662,35.76378,38.368134,0.0,0.0,0.0,0.0,35.803036,32.381096,32.381096,51.76185,51.76185,39.949417,39.949417,42.199165,35.095463,35.095463,42.892624,49.157764,33.233807,33.233807,33.233807,33.233807,49.193558,49.193558,49.193558,44.784172,46.59104,46.59104,24.698187,24.698187,24.698187,21.511368,21.511368,41.72751,43.277306,38.971428,32.89728,33.966183,29.543205,24.42784,24.42784,20.892487,53.673332,53.673332,54.455276,54.455276,26.030243,26.348759,27.763977,22.290392,22.847782,22.847782,20.993761,22.4175,21.627718,22.4175,22.4175,25.828365,25.828365,26.057192,26.057192,27.579142,27.579142,26.815933,28.372887,28.372887,28.442076,28.442076,28.442076,32.099705,34.667725,34.667725,28.152819,45.414864,47.954865,25.075247,25.075247,25.075247,30.73433,54.101784,47.95591,45.73008,37.092556,36.81352,34.612934,36.88017,36.88017,36.88017,66.75207,35.934822,38.321293,37.361137,39.231113,26.000061,26.000061,36.1962,23.665955,20.87241,20.87241,41.74541,35.42003,41.789886,50.379784,35.47452,34.71902,34.71902,52.03296,40.331173,46.583748,43.074482,39.65707,38.775078,43.43308,43.43308,43.43308,46.684864,46.684864,24.487808,24.487808,24.487808
AL-OM-2,55.339176,55.56377,55.56377,25.275684,24.656044,24.656044,30.144604,30.144604,30.144604,30.144604,36.59684,36.59684,28.400194,38.564663,33.146782,37.059814,32.250893,46.29662,35.76378,38.368134,0.0,0.0,0.0,0.0,35.803036,32.381096,32.381096,51.76185,51.76185,39.949417,39.949417,42.199165,35.095463,35.095463,42.892624,49.157764,33.233807,33.233807,33.233807,33.233807,49.193558,49.193558,49.193558,44.784172,46.59104,46.59104,24.698187,24.698187,24.698187,21.511368,21.511368,41.72751,43.277306,38.971428,32.89728,33.966183,29.543205,24.42784,24.42784,20.892487,53.673332,53.673332,54.455276,54.455276,26.030243,26.348759,27.763977,22.290392,22.847782,22.847782,20.993761,22.4175,21.627718,22.4175,22.4175,25.828365,25.828365,26.057192,26.057192,27.579142,27.579142,26.815933,28.372887,28.372887,28.442076,28.442076,28.442076,32.099705,34.667725,34.667725,28.152819,45.414864,47.954865,25.075247,25.075247,25.075247,30.73433,54.101784,47.95591,45.73008,37.092556,36.81352,34.612934,36.88017,36.88017,36.88017,66.75207,35.934822,38.321293,37.361137,39.231113,26.000061,26.000061,36.1962,23.665955,20.87241,20.87241,41.74541,35.42003,41.789886,50.379784,35.47452,34.71902,34.71902,52.03296,40.331173,46.583748,43.074482,39.65707,38.775078,43.43308,43.43308,43.43308,46.684864,46.684864,24.487808,24.487808,24.487808
AL-OM-4,55.339176,55.56377,55.56377,25.275684,24.656044,24.656044,30.144604,30.144604,30.144604,30.144604,36.59684,36.59684,28.400194,38.564663,33.146782,37.059814,32.250893,46.29662,35.76378,38.368134,0.0,0.0,0.0,0.0,35.803036,32.381096,32.381096,51.76185,51.76185,39.949417,39.949417,42.199165,35.095463,35.095463,42.892624,49.157764,33.233807,33.233807,33.233807,33.233807,49.193558,49.193558,49.193558,44.784172,46.59104,46.59104,24.698187,24.698187,24.698187,21.511368,21.511368,41.72751,43.277306,38.971428,32.89728,33.966183,29.543205,24.42784,24.42784,20.892487,53.673332,53.673332,54.455276,54.455276,26.030243,26.348759,27.763977,22.290392,22.847782,22.847782,20.993761,22.4175,21.627718,22.4175,22.4175,25.828365,25.828365,26.057192,26.057192,27.579142,27.579142,26.815933,28.372887,28.372887,28.442076,28.442076,28.442076,32.099705,34.667725,34.667725,28.152819,45.414864,47.954865,25.075247,25.075247,25.075247,30.73433,54.101784,47.95591,45.73008,37.092556,36.81352,34.612934,36.88017,36.88017,36.88017,66.75207,35.934822,38.321293,37.361137,39.231113,26.000061,26.000061,36.1962,23.665955,20.87241,20.87241,41.74541,35.42003,41.789886,50.379784,35.47452,34.71902,34.71902,52.03296,40.331173,46.583748,43.074482,39.65707,38.775078,43.43308,43.43308,43.43308,46.684864,46.684864,24.487808,24.487808,24.487808
AL-OM-5,55.339176,55.56377,55.56377,25.275684,24.656044,24.656044,30.144604,30.144604,30.144604,30.144604,36.59684,36.59684,28.400194,38.564663,33.146782,37.059814,32.250893,46.29662,35.76378,38.368134,0.0,0.0,0.0,0.0,35.803036,32.381096,32.381096,51.76185,51.76185,39.949417,39.949417,42.199165,35.095463,35.095463,42.892624,49.157764,33.233807,33.233807,33.233807,33.233807,49.193558,49.193558,49.193558,44.784172,46.59104,46.59104,24.698187,24.698187,24.698187,21.511368,21.511368,41.72751,43.277306,38.971428,32.89728,33.966183,29.543205,24.42784,24.42784,20.892487,53.673332,53.673332,54.455276,54.455276,26.030243,26.348759,27.763977,22.290392,22.847782,22.847782,20.993761,22.4175,21.627718,22.4175,22.4175,25.828365,25.828365,26.057192,26.057192,27.579142,27.579142,26.815933,28.372887,28.372887,28.442076,28.442076,28.442076,32.099705,34.667725,34.667725,28.152819,45.414864,47.954865,25.075247,25.075247,25.075247,30.73433,54.101784,47.95591,45.73008,37.092556,36.81352,34.612934,36.88017,36.88017,36.88017,66.75207,35.934822,38.321293,37.361137,39.231113,26.000061,26.000061,36.1962,23.665955,20.87241,20.87241,41.74541,35.42003,41.789886,50.379784,35.47452,34.71902,34.71902,52.03296,40.331173,46.583748,43.074482,39.65707,38.775078,43.43308,43.43308,43.43308,46.684864,46.684864,24.487808,24.487808,24.487808
AL-TIH-1,61.09589,61.34829,61.34829,29.98844,29.470636,29.470636,35.048508,35.048508,35.048508,35.048508,41.517937,41.517937,33.253002,43.81872,38.34439,42.293247,37.10966,51.545597,40.784554,43.349392,35.803036,35.803036,35.803036,35.803036,0.0,16.695421,16.695421,57.158073,57.158073,45.366623,45.366623,47.707607,40.151203,40.151203,48.14862,56.117916,38.192604,38.192604,38.192604,38.192604,54.783707,54.783707,54.783707,50.33983,51.970093,51.970093,29.428753,29.428753,29.428753,26.236559,26.236559,46.90998,48.58588,44.036022,37.777973,38.927654,34.373295,29.209696,29.209696,25.609556,59.35814,59.35814,60.101902,60.101902,30.822071,31.147598,32.511765,27.067524,27.631289,27.631289,25.647575,27.122858,26.331749,27.122858,27.122858,30.62049,30.62049,30.85126,30.85126,32.488453,32.488453,31.722498,33.234867,33.234867,33.344288,33.344288,33.344288,37.09373,39.66676,39.66676,32.93518,51.162357,53.24481,29.871653,29.871653,29.871653,35.63547,59.775196,53.158283,53.03057,42.57768,42.303715,39.670982,42.385563,42.385563,42.385563,72.837326,41.35227,43.705093,42.744507,44.651657,30.88562,30.88562,41.190113,28.466654,25.650595,25.650595,46.81359,40.472588,46.93299,56.109005,40.58011,39.786686,39.786686,57.51592,45.466644,52.101112,48.246246,44.880814,44.02361,48.66309,48.66309,48.66309,51.954617,51.954617,29.267881,29.267881,29.267881
AL-TIH-3,58.250942,58.48802,58.48802,27.3987,26.879347,26.879347,32.4185,32.4185,32.4185,32.4185,38.888573,38.888573,30.645596,41.08016,35.64182,39.54498,34.51476,48.826538,38.15521,40.728508,32.381096,32.381096,32.381096,32.381096,16.695421,0.0,0.0,54.34717,54.34717,42.55669,42.55669,44.9248,37.504303,37.504303,45.430164,53.594627,35.568512,35.568512,35.568512,35.568512,51.915276,51.915276,51.915276,47.56827,49.225758,49.225758,26.838402,26.838402,26.838402,23.643927,23.643927,44.222652,45.847313,41.373096,35.170826,36.236576,31.758682,26.607046,26.607046,23.024952,56.56389,56.56389,57.272903,57.272903,28.220148,28.544355,29.911377,24.464565,25.025396,25.025396,23.072569,24.536814,23.743906,24.536814,24.536814,28.018757,28.018757,28.250494,28.250494,29.83899,29.83899,29.06055,30.627598,30.627598,30.733915,30.733915,30.733915,34.451984,37.049137,37.049137,30.349785,48.32169,50.22444,27.272669,27.272669,27.272669,33.006664,57.03333,50.42413,50.189396,39.789207,39.574127,37.009018,39.598465,39.598465,39.598465,69.84701,38.536392,40.84235,40.03478,41.872334,28.27494,28.27494,38.55514,25.866337,23.049625,23.049625,44.13381,37.814434,44.280556,53.257553,37.902233,37.134842,37.134842,54.748814,42.749794,49.301098,45.543602,42.200756,41.31509,45.95126,45.95126,45.95126,49.196278,49.196278,26.66681,26.66681,26.66681
AL-TIH-4,58.250942,58.48802,58.48802,27.3987,26.879347,26.879347,32.4185,32.4185,32.4185,32.4185,38.888573,38.888573,30.645596,41.08016,35.64182,39.54498,34.51476,48.826538,38.15521,40.728508,32.381096,32.381096,32.381096,32.381096,16.695421,0.0,0.0,54.34717,54.34717,42.55669,42.55669,44.9248,37.504303,37.504303,45.430164,53.594627,35.568512,35.568512,35.568512,35.568512,51.915276,51.915276,51.915276,47.56827,49.225758,49.225758,26.838402,26.838402,26.838402,23.643927,23.643927,44.222652,45.847313,41.373096,35.170826,36.236576,31.758682,26.607046,26.607046,23.024952,56.56389,56.56389,57.272903,57.272903,28.220148,28.544355,29.911377,24.464565,25.025396,25.025396,23.072569,24.536814,23.743906,24.536814,24.536814,28.018757,28.018757,28.250494,28.250494,29.83899,29.83899,29.06055,30.627598,30.627598,30.733915,30.733915,30.733915,34.451984,37.049137,37.049137,30.349785,48.32169,50.22444,27.272669,27.272669,27.272669,33.006664,57.03333,50.42413,50.189396,39.789207,39.574127,37.009018,39.598465,39.598465,39.598465,69.84701,38.536392,40.84235,40.03478,41.872334,28.27494,28.27494,38.55514,25.866337,23.049625,23.049625,44.13381,37.814434,44.280556,53.257553,37.902233,37.134842,37.134842,54.748814,42.749794,49.301098,45.543602,42.200756,41.31509,45.95126,45.95126,45.95126,49.196278,49.196278,26.66681,26.66681,26.66681
KY-RR-2,67.44126,67.72032,67.72032,36.523815,36.078976,36.078976,41.665752,41.665752,41.665752,41.665752,48.161076,48.161076,39.839138,50.31022,44.83966,48.740902,43.657837,58.252228,47.33854,49.94006,51.76185,51.76185,51.76185,51.76185,57.158073,54.34717,54.34717,0.0,0.0,51.03482,51.03482,53.403927,46.65096,46.65096,54.65951,63.694904,44.699654,44.699654,44.699654,44.699654,60.623817,60.623817,60.623817,56.22785,58.49042,58.49042,35.916912,35.916912,35.916912,32.719624,32.719624,53.544037,55.285366,50.44387,44.372498,45.41383,40.93317,35.766,35.766,32.062023,65.870605,65.870605,66.57888,66.57888,37.3764,37.70873,38.983418,33.6194,34.181885,34.181885,32.132442,33.601902,32.814983,33.601902,33.601902,37.213688,37.213688,37.446354,37.446354,38.941883,38.941883,38.18792,39.814995,39.814995,39.938507,39.938507,39.938507,43.378757,46.210827,46.210827,39.456844,60.923367,62.631012,36.431084,36.431084,36.431084,42.214657,66.01409,59.728607,63.171635,48.42876,48.156593,46.027863,48.310116,48.310116,48.310116,78.89855,47.038197,49.40289,48.46908,50.358234,37.46019,37.46019,47.784508,34.979824,32.156746,32.156746,53.358242,46.49485,53.21849,62.23323,46.970715,46.17806,46.17806,64.18543,51.996227,57.934467,54.793285,51.404217,50.51777,55.330555,55.330555,55.330555,58.714237,58.714237,35.816093,35.816093,35.816093
KY-RR-5,67.44126,67.72032,67.72032,36.523815,36.078976,36.078976,41.665752,41.665752,41.665752,41.665752,48.161076,48.161076,39.839138,50.31022,44.83966,48.740902,43.657837,58.252228,47.33854,49.94006,51.76185,51.76185,51.76185,51.76185,57.158073,54.34717,54.34717,0.0,0.0,51.03482,51.03482,53.403927,46.65096,46.65096,54.65951,63.694904,44.699654,44.699654,44.699654,44.699654,60.623817,60.623817,60.623817,56.22785,58.49042,58.49042,35.916912,35.916912,35.916912,32.719624,32.719624,53.544037,55.285366,50.44387,44.372498,45.41383,40.93317,35.766,35.766,32.062023,65.870605,65.870605,66.57888,66.57888,37.3764,37.70873,38.983418,33.6194,34.181885,34.181885,32.132442,33.601902,32.814983,33.601902,33.601902,37.213688,37.213688,37.446354,37.446354,38.941883,38.941883,38.18792,39.814995,39.814995,39.938507,39.938507,39.938507,43.378757,46.210827,46.210827,39.456844,60.923367,62.631012,36.431084,36.431084,36.431084,42.214657,66.01409,59.728607,63.171635,48.42876,48.156593,46.027863,48.310116,48.310116,48.310116,78.89855,47.038197,49.40289,48.46908,50.358234,37.46019,37.46019,47.784508,34.979824,32.156746,32.156746,53.358242,46.49485,53.21849,62.23323,46.970715,46.17806,46.17806,64.18543,51.996227,57.934467,54.793285,51.404217,50.51777,55.330555,55.330555,55.330555,58.714237,58.714237,35.816093,35.816093,35.816093
